time	V(vout)
0.000000000000000e+000	-1.093862e-004
1.428571428571429e-010	2.051960e-004
2.857142857142858e-010	5.203644e-004
4.285714285714288e-010	8.361191e-004
5.714285714285716e-010	1.152460e-003
7.142857142857145e-010	1.469387e-003
8.571428571428575e-010	1.786901e-003
1.000000000000000e-009	2.105000e-003
1.937696393640237e-009	2.172130e-003
2.875392787280473e-009	2.287836e-003
3.813089180920710e-009	2.452119e-003
4.750785574560946e-009	2.664979e-003
5.688481968201183e-009	2.926416e-003
6.626178361841420e-009	3.236429e-003
7.563874755481655e-009	3.595020e-003
1.157523878402012e-008	5.607262e-003
1.655645493449479e-008	9.321105e-003
2.243525098421940e-008	1.565057e-002
2.915929831266056e-008	2.597574e-002
3.732417718800099e-008	4.377567e-002
4.752685095552332e-008	7.538635e-002
6.145911709859520e-008	1.349686e-001
7.716592234000146e-008	2.227835e-001
9.496109408112733e-008	3.431213e-001
1.112634061094910e-007	4.655558e-001
1.269320061868358e-007	5.864869e-001
1.436256144582662e-007	7.094672e-001
1.605143405464001e-007	8.188314e-001
1.808323396739302e-007	9.272144e-001
1.926484591762474e-007	9.757476e-001
2.047611320591310e-007	1.011154e+000
2.186737323880962e-007	1.038363e+000
2.324423433501455e-007	1.053258e+000
2.474760100553975e-007	1.058561e+000
2.625077402113648e-007	1.055841e+000
2.785985094770267e-007	1.047396e+000
2.947820176575487e-007	1.036264e+000
3.114784098467352e-007	1.024379e+000
3.272957707602329e-007	1.014289e+000
3.438931908115576e-007	1.005785e+000
3.601239471522534e-007	9.997227e-001
3.748109953594729e-007	9.961590e-001
3.898143131511421e-007	9.941499e-001
4.047383343739628e-007	9.933903e-001
4.205941596306544e-007	9.935244e-001
4.365816062730947e-007	9.942448e-001
4.527238506609911e-007	9.952576e-001
4.678358220606223e-007	9.962525e-001
4.833983026235283e-007	9.971803e-001
4.990150688508799e-007	9.979336e-001
5.152160694587072e-007	9.984943e-001
5.329119607059472e-007	9.988598e-001
5.543593266804941e-007	9.990271e-001
5.830302452349520e-007	9.989713e-001
6.152000114922231e-007	9.987413e-001
6.444715108168719e-007	9.985046e-001
6.770807219254053e-007	9.982957e-001
7.099729602527959e-007	9.981614e-001
7.560476990778182e-007	9.980500e-001
8.249153947820134e-007	9.979169e-001
9.009068538404520e-007	9.977530e-001
1.279152290991441e-006	9.968480e-001
1.500831581144969e-005	9.645387e-001
2.873747933190795e-005	9.328438e-001
4.246664285236620e-005	9.017631e-001
5.619580637282445e-005	8.712967e-001
6.992496989328269e-005	8.414446e-001
8.365413341374095e-005	8.122067e-001
9.738329693419917e-005	7.835832e-001
1.931288286403919e-004	5.996326e-001
3.846198920527774e-004	2.889837e-001
5.699988889887950e-004	5.342784e-002
7.714459164732435e-004	-1.290060e-001
9.864369227831514e-004	-2.553327e-001
1.209903407833874e-003	-3.262456e-001
1.428529202380803e-003	-3.499258e-001
1.601470806113234e-003	-3.422360e-001
1.776650367500556e-003	-3.156141e-001
1.966615991708497e-003	-2.724356e-001
2.267608590062496e-003	-1.894114e-001
2.554153540067649e-003	-1.052051e-001
2.792299927745688e-003	-3.751613e-002
3.049358747605306e-003	2.703184e-002
3.333525636070766e-003	8.377714e-002
3.701145609641403e-003	1.337137e-001
4.074366614537041e-003	1.594979e-001
4.409585932451827e-003	1.625006e-001
4.695510164286857e-003	1.518499e-001
4.990701858734022e-003	1.315057e-001
5.285674461912863e-003	1.055317e-001
5.531427439621117e-003	8.147292e-002
5.748032047806223e-003	5.968243e-002
5.948491369822853e-003	3.997206e-002
6.149862480753420e-003	2.134662e-002
6.385567877402042e-003	1.707772e-003
6.662080157574668e-003	-1.785709e-002
6.967900736723426e-003	-3.469128e-002
7.299149680718893e-003	-4.700103e-002
7.662445614075406e-003	-5.379028e-002
8.059068933441511e-003	-5.432952e-002
8.494579788348687e-003	-4.887460e-002
8.850255441838534e-003	-4.103382e-002
9.237381662245197e-003	-3.052761e-002
9.629428443302297e-003	-1.953110e-002
1.004480035414851e-002	-8.747299e-003
1.044928296452171e-002	7.505294e-005
1.080784276412163e-002	6.127350e-003
1.108616863906689e-002	9.513117e-003
1.132345389206441e-002	1.144969e-002
1.154417234082040e-002	1.252896e-002
1.176607491810220e-002	1.299040e-002
1.200374860263481e-002	1.287687e-002
1.230049708145108e-002	1.205885e-002
1.261850829432543e-002	1.058133e-002
1.298087657228153e-002	8.414149e-003
1.336333952262192e-002	5.905336e-003
1.380388468484135e-002	3.103743e-003
1.426609208611580e-002	5.459063e-004
1.464212859627268e-002	-1.069964e-003
1.503947544338889e-002	-2.243900e-003
1.539970395926040e-002	-2.847977e-003
1.581466668133778e-002	-3.066082e-003
1.623327014985942e-002	-2.908730e-003
1.660830739675822e-002	-2.522745e-003
1.701561518314373e-002	-1.951552e-003
1.738455642087195e-002	-1.388626e-003
1.781301459529521e-002	-7.655676e-004
1.827941755580797e-002	-1.903090e-004
1.870598579413365e-002	2.058398e-004
1.909337935557903e-002	4.396242e-004
1.947168306487202e-002	5.548660e-004
1.987817914735288e-002	5.770714e-004
2.027421796764386e-002	5.235931e-004
2.061968986535438e-002	4.320168e-004
2.100219215480042e-002	3.034034e-004
2.138846658715937e-002	1.657040e-004
2.177702211791503e-002	3.389058e-005
2.213786529271205e-002	-7.284743e-005
2.246480778293511e-002	-1.507490e-004
2.279187645947379e-002	-2.078424e-004
2.316092599735559e-002	-2.478542e-004
2.359522255915378e-002	-2.672476e-004
2.403933097803998e-002	-2.627439e-004
2.445805144155692e-002	-2.416801e-004
2.484516464334095e-002	-2.131705e-004
2.525737996113400e-002	-1.793910e-004
2.573031906826394e-002	-1.425384e-004
2.661338248278800e-002	-9.107017e-005
2.706773014486088e-002	-8.182339e-005
2.752207780693376e-002	-7.624249e-005
2.797642546900664e-002	-7.432747e-005
2.843077313107952e-002	-7.607833e-005
2.888512079315240e-002	-8.149508e-005
2.933946845522528e-002	-9.057770e-005
2.979381611729816e-002	-1.033262e-004
3.127995737908833e-002	-1.072063e-004
3.276609864087850e-002	-1.101010e-004
3.425223990266867e-002	-1.120102e-004
3.573838116445884e-002	-1.129340e-004
3.722452242624902e-002	-1.128724e-004
3.871066368803919e-002	-1.118253e-004
4.019680494982936e-002	-1.097928e-004
1.698122091656813e+000	-1.093862e-004
1.998903341656813e+000	-1.093862e-004
2.000000000000000e+000	-1.093862e-004
