time	V(vout)
0.000000000000000e+000	-1.093862e-004
1.000000000000000e-012	2.093389e-003
9.553073565661277e-010	2.130430e-003
1.909614713132255e-009	2.217859e-003
2.863922069698383e-009	2.355676e-003
3.818229426264511e-009	2.543881e-003
4.772536782830638e-009	2.782475e-003
5.726844139396766e-009	3.071456e-003
6.681151495962892e-009	3.410826e-003
1.062030343040502e-008	5.278205e-003
1.533653592751331e-008	8.615547e-003
2.125991265907345e-008	1.467605e-002
2.772550620885817e-008	2.412628e-002
3.578425493238379e-008	4.085130e-002
4.552379454618527e-008	6.957482e-002
5.889459117884797e-008	1.243829e-001
7.461637901446991e-008	2.093399e-001
9.186854977347285e-008	3.233253e-001
1.079624196965768e-007	4.428927e-001
1.236123400666837e-007	5.637769e-001
1.404679553628486e-007	6.896034e-001
1.571392372150071e-007	8.008001e-001
1.764318360835445e-007	9.083860e-001
1.893928963943482e-007	9.648644e-001
2.021137998620345e-007	1.005019e+000
2.158436061013884e-007	1.034346e+000
2.296591016217708e-007	1.051302e+000
2.443468183293842e-007	1.058190e+000
2.594355220502895e-007	1.056692e+000
2.752876080668488e-007	1.049156e+000
2.914935546996897e-007	1.038319e+000
3.083756910545815e-007	1.026254e+000
3.240626340969237e-007	1.015986e+000
3.407275306067906e-007	1.007058e+000
3.568397999225194e-007	1.000646e+000
3.717136900357583e-007	9.967063e-001
3.866371157290843e-007	9.944327e-001
4.015002424795349e-007	9.934706e-001
4.172340969421808e-007	9.934532e-001
4.330762086780414e-007	9.940798e-001
4.495615683745685e-007	9.950776e-001
4.646097884932859e-007	9.960697e-001
4.801733314321311e-007	9.970220e-001
4.956613789152216e-007	9.978042e-001
5.118628202492019e-007	9.984066e-001
5.289452020217122e-007	9.988027e-001
5.497395769188576e-007	9.990115e-001
5.761968363422622e-007	9.990003e-001
6.101498540392012e-007	9.987781e-001
6.394982053860822e-007	9.985408e-001
6.728658482349335e-007	9.983159e-001
7.043543906173424e-007	9.981776e-001
7.488072479064499e-007	9.980637e-001
8.179390628346180e-007	9.979290e-001
8.974710418310251e-007	9.977597e-001
1.385653990125767e-006	9.965960e-001
1.873836938420508e-006	9.954338e-001
2.362019886715250e-006	9.942732e-001
2.850202835009991e-006	9.931141e-001
3.338385783304733e-006	9.919567e-001
3.826568731599474e-006	9.908008e-001
4.314751679894215e-006	9.896464e-001
1.255153049987151e-005	9.702594e-001
2.258517749884102e-005	9.469442e-001
4.229144646187480e-005	9.021277e-001
8.170398438794236e-005	8.162861e-001
1.605290602400775e-004	6.591157e-001
3.181792119443477e-004	3.880832e-001
5.105008194906079e-004	1.235685e-001
7.221696292472560e-004	-8.965231e-002
9.303066430076427e-004	-2.285139e-001
1.156129488655245e-003	-3.141362e-001
1.372639782477530e-003	-3.483841e-001
1.546590959621784e-003	-3.467583e-001
1.739195486852148e-003	-3.221419e-001
1.923123220965266e-003	-2.832140e-001
2.203910645395583e-003	-2.078134e-001
2.497587967521522e-003	-1.218607e-001
2.743248553909676e-003	-5.105019e-002
3.001044012759865e-003	1.571002e-002
3.277537578920217e-003	7.418907e-002
3.608242675151605e-003	1.241230e-001
3.969607303253115e-003	1.550074e-001
4.315613907182907e-003	1.633502e-001
4.618917354660640e-003	1.555734e-001
4.907244367995559e-003	1.379394e-001
5.195614738018954e-003	1.137985e-001
5.479072180746703e-003	8.660305e-002
5.704742634416434e-003	6.397467e-002
5.906026451218376e-003	4.403617e-002
6.108683328287479e-003	2.499049e-002
6.328256659727515e-003	6.221187e-003
6.603264755843847e-003	-1.404439e-002
6.897168090504815e-003	-3.126411e-002
7.229638723449796e-003	-4.491365e-002
7.579016911820695e-003	-5.280349e-002
7.974565202338697e-003	-5.471737e-002
8.395181952601714e-003	-5.061148e-002
8.762386836487172e-003	-4.314427e-002
9.165028283261191e-003	-3.252848e-002
9.546056761240738e-003	-2.182473e-002
9.957338552458665e-003	-1.088786e-002
1.036894954179786e-002	-1.516784e-003
1.073962850158897e-002	5.117997e-003
1.103412507894571e-002	8.969157e-003
1.127676373467007e-002	1.113157e-002
1.150019364655177e-002	1.235829e-002
1.172522644494130e-002	1.294861e-002
1.194620845243868e-002	1.295146e-002
1.224123587699998e-002	1.226627e-002
1.254644297886562e-002	1.095611e-002
1.290972305554816e-002	8.860624e-003
1.327691687036623e-002	6.474421e-003
1.371533737465380e-002	3.642817e-003
1.417529629314251e-002	1.000374e-003
1.456075951897015e-002	-7.767934e-004
1.491104097097828e-002	-1.942615e-003
1.525924369780269e-002	-2.657682e-003
1.568863073339273e-002	-3.022584e-003
1.616161065268550e-002	-2.941108e-003
1.659182858168179e-002	-2.540342e-003
1.698451834215331e-002	-2.001471e-003
1.734147487830311e-002	-1.456962e-003
1.779294531468605e-002	-7.949586e-004
1.824922858977815e-002	-2.191558e-004
1.863195267569307e-002	1.500178e-004
1.904067897118253e-002	4.144378e-004
1.941010830160235e-002	5.435706e-004
1.981681816946450e-002	5.794064e-004
2.022009856237590e-002	5.348023e-004
2.057461652949488e-002	4.458483e-004
2.096461875351709e-002	3.169982e-004
2.134183411619437e-002	1.825282e-004
2.172840837503417e-002	4.980018e-005
2.209564380059006e-002	-6.135286e-005
2.241917422673731e-002	-1.408648e-004
2.276271474336596e-002	-2.033713e-004
2.312356993947572e-002	-2.449758e-004
2.355500513395966e-002	-2.666101e-004
2.400199287978916e-002	-2.640396e-004
2.442343630790013e-002	-2.440230e-004
2.481331487029765e-002	-2.158169e-004
2.522840395686981e-002	-1.818458e-004
2.568893752113675e-002	-1.456434e-004
2.658467094365130e-002	-9.222844e-005
2.703788486755445e-002	-8.241763e-005
2.749109879145761e-002	-7.637755e-005
2.794431271536076e-002	-7.410819e-005
2.839752663926392e-002	-7.560956e-005
2.885074056316707e-002	-8.088165e-005
2.930395448707023e-002	-8.992446e-005
2.975716841097338e-002	-1.027380e-004
3.115251036914227e-002	-1.066299e-004
3.254785232731116e-002	-1.095656e-004
3.394319428548005e-002	-1.115452e-004
3.533853624364894e-002	-1.125686e-004
3.673387820181782e-002	-1.126357e-004
3.812922015998672e-002	-1.117468e-004
3.952456211815560e-002	-1.099016e-004
6.666600000100001e-002	-1.092848e-004
6.666600000200000e-002	-2.312060e-003
6.666600068169197e-002	-2.331515e-003
6.666600136138393e-002	-2.377541e-003
6.666600204107590e-002	-2.450138e-003
6.666600272076786e-002	-2.549306e-003
6.666600340045983e-002	-2.675046e-003
6.666600408015179e-002	-2.827356e-003
6.666600475984376e-002	-3.006238e-003
6.666600787635850e-002	-4.114940e-003
6.666601203999346e-002	-6.387272e-003
6.666601725976608e-002	-1.059248e-002
6.666602336107860e-002	-1.768000e-002
6.666603039101628e-002	-2.933806e-002
6.666603893263003e-002	-4.947934e-002
6.666604975390512e-002	-8.578321e-002
6.666606482381234e-002	-1.548599e-001
6.666608038949541e-002	-2.463218e-001
6.666609665563732e-002	-3.598457e-001
6.666611316865342e-002	-4.857475e-001
6.666612909763672e-002	-6.088385e-001
6.666614582432794e-002	-7.307717e-001
6.666616277102402e-002	-8.375152e-001
6.666618405641341e-002	-9.455853e-001
6.666619610705410e-002	-9.913865e-001
6.666620821075937e-002	-1.022783e+000
6.666622231022217e-002	-1.046037e+000
6.666623607737582e-002	-1.057289e+000
6.666625147551811e-002	-1.059479e+000
6.666626653095908e-002	-1.054510e+000
6.666628286608727e-002	-1.044467e+000
6.666629908945083e-002	-1.032706e+000
6.666631537718498e-002	-1.021157e+000
6.666633144369777e-002	-1.011351e+000
6.666634783947437e-002	-1.003574e+000
6.666636319651161e-002	-9.984581e-001
6.666637816548408e-002	-9.953649e-001
6.666639282437661e-002	-9.938365e-001
6.666640833406248e-002	-9.934131e-001
6.666642399352744e-002	-9.938073e-001
6.666644084944251e-002	-9.947448e-001
6.666645618092251e-002	-9.957795e-001
6.666647172294912e-002	-9.968137e-001
6.666648705879157e-002	-9.976944e-001
6.666650313035771e-002	-9.984090e-001
6.666651916380240e-002	-9.988911e-001
6.666653818376701e-002	-9.991949e-001
6.666656090216651e-002	-9.992766e-001
6.666659615582890e-002	-9.991057e-001
6.666662686657590e-002	-9.988541e-001
6.666665628688152e-002	-9.986249e-001
6.666668779095268e-002	-9.984528e-001
6.666672453010085e-002	-9.983341e-001
6.666677857877251e-002	-9.982243e-001
6.666684000814703e-002	-9.981061e-001
6.666691409964135e-002	-9.979394e-001
6.666731928667774e-002	-9.969703e-001
6.668172780658138e-002	-9.630848e-001
6.669613632648502e-002	-9.298747e-001
6.671054484638866e-002	-8.973399e-001
6.672495336629229e-002	-8.654805e-001
6.673936188619593e-002	-8.342964e-001
6.675377040609958e-002	-8.037877e-001
6.676817892600322e-002	-7.739543e-001
6.686908106978801e-002	-5.822976e-001
6.707088535735760e-002	-2.607549e-001
6.725416709751618e-002	-3.366054e-002
6.745375783408385e-002	1.409590e-001
6.766994697451223e-002	2.627348e-001
6.789329204041746e-002	3.293667e-001
6.811175164527324e-002	3.496906e-001
6.828670280376140e-002	3.398558e-001
6.846212767153974e-002	3.116033e-001
6.865766448745937e-002	2.658582e-001
6.896849094084952e-002	1.790642e-001
6.925076507922001e-002	9.598815e-002
6.947491287491665e-002	3.221177e-002
6.967638161061246e-002	-1.954931e-002
6.987917758708961e-002	-6.425430e-002
7.009833720428782e-002	-1.028236e-001
7.037321999572904e-002	-1.372123e-001
7.066683877076323e-002	-1.577072e-001
7.099935033470378e-002	-1.626333e-001
7.134840579546599e-002	-1.514700e-001
7.167402286317010e-002	-1.297016e-001
7.197376589382744e-002	-1.032706e-001
7.221585496938809e-002	-7.953039e-002
7.243069762033196e-002	-5.799360e-002
7.264822085880422e-002	-3.678268e-002
7.284806737549178e-002	-1.858463e-002
7.309766537079873e-002	1.714205e-003
7.337140105857325e-002	2.038466e-002
7.368921404243484e-002	3.694866e-002
7.401721251041034e-002	4.812341e-002
7.439406389276183e-002	5.418770e-002
7.474754805772402e-002	5.452451e-002
7.500313467650555e-002	5.181028e-002
7.522531226181889e-002	4.770668e-002
7.545327897927441e-002	4.238524e-002
7.566231124028376e-002	3.684486e-002
7.591971445546127e-002	2.957254e-002
7.620529796506505e-002	2.145779e-002
7.653634047138486e-002	1.253890e-002
7.688247376984134e-002	4.336204e-003
7.727789957266158e-002	-3.233281e-003
7.764487694015101e-002	-8.427649e-003
7.793353248970412e-002	-1.116751e-002
7.816267156470574e-002	-1.247257e-002
7.836867935342966e-002	-1.303611e-002
7.858319564758871e-002	-1.311966e-002
7.877644074746362e-002	-1.281421e-002
7.898985657253430e-002	-1.211323e-002
7.923809584443894e-002	-1.095176e-002
7.951085305120323e-002	-9.381740e-003
7.980308237335199e-002	-7.503927e-003
8.012133698218953e-002	-5.398225e-003
8.045629298052986e-002	-3.279923e-003
8.080802634822848e-002	-1.305250e-003
8.116311808837305e-002	3.237230e-004
8.153519473545678e-002	1.584211e-003
8.190664894332581e-002	2.370623e-003
8.233772448440958e-002	2.753360e-003
8.280949849567038e-002	2.685859e-003
8.323445416070892e-002	2.304182e-003
8.362484071591976e-002	1.781097e-003
8.397961804903061e-002	1.249273e-003
8.443357596973616e-002	5.902045e-004
8.487222621169406e-002	3.530248e-005
8.522597173781198e-002	-3.146245e-004
8.561290606439137e-002	-5.821417e-004
8.597394721952323e-002	-7.278437e-004
8.638737598243830e-002	-7.849365e-004
8.681008405410318e-002	-7.536932e-004
8.719614693746929e-002	-6.659768e-004
8.756533419494106e-002	-5.491467e-004
8.793241784221238e-002	-4.211253e-004
8.839363049070390e-002	-2.668560e-004
8.887793254583898e-002	-1.297024e-004
8.933925607308677e-002	-3.321885e-005
8.976764687481574e-002	2.262691e-005
9.016075249572951e-002	4.618560e-005
9.090453193982534e-002	3.470469e-005
9.160819160464692e-002	-1.493548e-005
9.218885929317118e-002	-6.259514e-005
9.275934217395533e-002	-1.022696e-004
9.366893129389484e-002	-1.382926e-004
9.524322215822305e-002	-1.368566e-004
9.687183884865443e-002	-1.091312e-004
9.824288195641047e-002	-1.083791e-004
9.961392506416650e-002	-1.078661e-004
1.009849681719225e-001	-1.075921e-004
1.023560112796786e-001	-1.075572e-004
1.037270543874346e-001	-1.077614e-004
1.050980974951907e-001	-1.082047e-004
1.064691406029467e-001	-1.088871e-004
1.333300000000000e-001	-1.088999e-004
1.333300000010000e-001	2.093875e-003
1.333300006747205e-001	2.112862e-003
1.333300013484410e-001	2.157892e-003
1.333300020221615e-001	2.228964e-003
1.333300026958820e-001	2.326078e-003
1.333300033696025e-001	2.449234e-003
1.333300040433230e-001	2.598432e-003
1.333300047170435e-001	2.773673e-003
1.333300078196663e-001	3.867417e-003
1.333300119647433e-001	6.108658e-003
1.333300171778314e-001	1.025997e-002
1.333300231391910e-001	1.709369e-002
1.333300301359802e-001	2.851444e-002
1.333300385479200e-001	4.800741e-002
1.333300492974615e-001	8.341771e-002
1.333300641071163e-001	1.501790e-001
1.333300797465455e-001	2.413308e-001
1.333300983740354e-001	3.709911e-001
1.333301166484004e-001	5.097381e-001
1.333301332775901e-001	6.367831e-001
1.333301494231655e-001	7.515317e-001
1.333301665789563e-001	8.563352e-001
1.333301846968828e-001	9.455604e-001
1.333301967013518e-001	9.899967e-001
1.333302092639775e-001	1.022261e+000
1.333302231278267e-001	1.044869e+000
1.333302371658284e-001	1.056192e+000
1.333302523430515e-001	1.058385e+000
1.333302676508226e-001	1.053458e+000
1.333302838595649e-001	1.043722e+000
1.333303003188523e-001	1.032027e+000
1.333303164481744e-001	1.020815e+000
1.333303326966905e-001	1.011079e+000
1.333303490157521e-001	1.003474e+000
1.333303646471415e-001	9.983459e-001
1.333303793897933e-001	9.953328e-001
1.333303941986531e-001	9.937910e-001
1.333304095306149e-001	9.933465e-001
1.333304253224837e-001	9.936987e-001
1.333304405649468e-001	9.944968e-001
1.333304567114819e-001	9.955466e-001
1.333304715058753e-001	9.965055e-001
1.333304874739275e-001	9.974133e-001
1.333305029504169e-001	9.981043e-001
1.333305194406041e-001	9.986115e-001
1.333305378672192e-001	9.989251e-001
1.333305607897180e-001	9.990323e-001
1.333305934836524e-001	9.989036e-001
1.333306242953730e-001	9.986636e-001
1.333306538360762e-001	9.984334e-001
1.333306859133749e-001	9.982507e-001
1.333307217138499e-001	9.981263e-001
1.333307729779285e-001	9.980160e-001
1.333308358049447e-001	9.978946e-001
1.333309116226720e-001	9.977263e-001
1.333313139214417e-001	9.967644e-001
1.333467826295929e-001	9.604159e-001
1.333622513377442e-001	9.248433e-001
1.333777200458954e-001	8.900468e-001
1.333931887540466e-001	8.560262e-001
1.334086574621979e-001	8.227816e-001
1.334241261703491e-001	7.903130e-001
1.334395948785004e-001	7.586204e-001
1.335479794464633e-001	5.553873e-001
1.337497015626846e-001	2.400671e-001
1.339364532791559e-001	1.494973e-002
1.341393364738422e-001	-1.562020e-001
1.343557497750527e-001	-2.719413e-001
1.345795188818028e-001	-3.334303e-001
1.347964302635075e-001	-3.496389e-001
1.349735983846207e-001	-3.371871e-001
1.351511306381540e-001	-3.066010e-001
1.353614527946971e-001	-2.558462e-001
1.356406298758672e-001	-1.770019e-001
1.359407437488855e-001	-8.897091e-002
1.362140647394573e-001	-1.341896e-002
1.364672429744341e-001	4.659157e-002
1.367625925505469e-001	9.934640e-002
1.371850586212696e-001	1.455459e-001
1.376038071928893e-001	1.627060e-001
1.379213619402638e-001	1.572439e-001
1.382000593864032e-001	1.412312e-001
1.384785637577966e-001	1.184525e-001
1.387934850332993e-001	8.849742e-002
1.390242192009363e-001	6.537350e-002
1.392235164436501e-001	4.553268e-002
1.394241356312930e-001	2.653203e-002
1.396415438890507e-001	7.743075e-003
1.399157881187244e-001	-1.277451e-002
1.402083769706083e-001	-3.027780e-002
1.405403882398287e-001	-4.432559e-002
1.408879929177239e-001	-5.258515e-002
1.412827857361939e-001	-5.489172e-002
1.417014586542876e-001	-5.111764e-002
1.420714642632746e-001	-4.375548e-002
1.424774495810781e-001	-3.311916e-002
1.428554652838618e-001	-2.248387e-002
1.432726189029981e-001	-1.131844e-002
1.436879030122049e-001	-1.770520e-003
1.440594670258056e-001	4.962118e-003
1.443543201176762e-001	8.876888e-003
1.445971087669677e-001	1.108394e-002
1.448206508585158e-001	1.234599e-002
1.450458195647900e-001	1.296707e-002
1.452656327826979e-001	1.299463e-002
1.455604218048697e-001	1.233597e-002
1.458646737094675e-001	1.104832e-002
1.462278504442313e-001	8.963803e-003
1.465938922570689e-001	6.584294e-003
1.470319464073138e-001	3.741649e-003
1.474904274011898e-001	1.085088e-003
1.478771747969125e-001	-7.212891e-004
1.482259607311216e-001	-1.904284e-003
1.485726673586147e-001	-2.637933e-003
1.489970577682645e-001	-3.021608e-003
1.494742229729452e-001	-2.958904e-003
1.499038186528932e-001	-2.572848e-003
1.502577672079123e-001	-2.093619e-003
1.506102680811189e-001	-1.554535e-003
1.510389756840534e-001	-9.155900e-004
1.515160134814277e-001	-2.971305e-004
1.519482785009380e-001	1.355921e-004
1.523471056065454e-001	4.048115e-004
1.527104946062740e-001	5.355877e-004
1.531746065301986e-001	5.764214e-004
1.536043571791235e-001	5.258970e-004
1.539454908442552e-001	4.366270e-004
1.543234318985441e-001	3.091699e-004
1.547006056769892e-001	1.739526e-004
1.550874737730489e-001	4.145214e-005
1.554516559725046e-001	-6.781637e-005
1.557772854896216e-001	-1.467723e-004
1.561121055804980e-001	-2.064951e-004
1.564775123729663e-001	-2.473388e-004
1.569085088849626e-001	-2.676891e-004
1.573530881644671e-001	-2.640348e-004
1.577731597635769e-001	-2.433663e-004
1.581614606126561e-001	-2.148893e-004
1.585749961968791e-001	-1.808750e-004
1.590408943611378e-001	-1.442563e-004
1.599307120421982e-001	-9.157253e-005
1.603840554935872e-001	-8.200533e-005
1.608373989449763e-001	-7.616954e-005
1.612907423963653e-001	-7.406517e-005
1.617440858477544e-001	-7.569221e-005
1.621974292991435e-001	-8.105066e-005
1.626507727505325e-001	-9.014053e-005
1.631041162019216e-001	-1.029618e-004
1.644996703187192e-001	-1.067495e-004
1.658952244355167e-001	-1.096053e-004
1.672907785523143e-001	-1.115290e-004
1.686863326691119e-001	-1.125208e-004
1.700818867859095e-001	-1.125806e-004
1.714774409027070e-001	-1.117085e-004
1.728729950195046e-001	-1.099043e-004
1.999960000010000e-001	-1.089723e-004
1.999960000020000e-001	-2.311748e-003
1.999960006816662e-001	-2.331184e-003
1.999960013613323e-001	-2.377190e-003
1.999960020409985e-001	-2.449766e-003
1.999960027206647e-001	-2.548912e-003
1.999960034003308e-001	-2.674627e-003
1.999960040799970e-001	-2.826911e-003
1.999960047596631e-001	-3.005765e-003
1.999960078761595e-001	-4.114369e-003
1.999960120394840e-001	-6.386386e-003
1.999960172592142e-001	-1.059130e-002
1.999960233599691e-001	-1.767777e-002
1.999960303897475e-001	-2.933484e-002
1.999960389307670e-001	-4.947343e-002
1.999960497516262e-001	-8.577353e-002
1.999960648202391e-001	-1.548404e-001
1.999960803861882e-001	-2.463001e-001
1.999960966528440e-001	-3.598248e-001
1.999961131662496e-001	-4.857285e-001
1.999961290939925e-001	-6.088105e-001
1.999961458212546e-001	-7.307504e-001
1.999961627672779e-001	-8.374939e-001
1.999961840518219e-001	-9.455667e-001
1.999961961021485e-001	-9.913712e-001
1.999962082057919e-001	-1.022772e+000
1.999962223051370e-001	-1.046030e+000
1.999962360722293e-001	-1.057287e+000
1.999962514700191e-001	-1.059479e+000
1.999962665253410e-001	-1.054513e+000
1.999962828601954e-001	-1.044471e+000
1.999962990833933e-001	-1.032711e+000
1.999963153715877e-001	-1.021161e+000
1.999963314377738e-001	-1.011354e+000
1.999963478337404e-001	-1.003577e+000
1.999963631925824e-001	-9.984592e-001
1.999963781608193e-001	-9.953656e-001
1.999963928204812e-001	-9.938368e-001
1.999964083292080e-001	-9.934130e-001
1.999964239892145e-001	-9.938071e-001
1.999964408437214e-001	-9.947444e-001
1.999964561763322e-001	-9.957792e-001
1.999964717175975e-001	-9.968133e-001
1.999964870539981e-001	-9.976941e-001
1.999965031248621e-001	-9.984089e-001
1.999965191587049e-001	-9.988909e-001
1.999965381768365e-001	-9.991949e-001
1.999965608940822e-001	-9.992766e-001
1.999965961390823e-001	-9.991058e-001
1.999966268490797e-001	-9.988543e-001
1.999966562682034e-001	-9.986250e-001
1.999966877722089e-001	-9.984529e-001
1.999967245055100e-001	-9.983341e-001
1.999967785384648e-001	-9.982243e-001
1.999968399664600e-001	-9.981061e-001
1.999969140576425e-001	-9.979395e-001
1.999973191677840e-001	-9.969706e-001
2.000117304218483e-001	-9.630787e-001
2.000261416759125e-001	-9.298625e-001
2.000405529299767e-001	-8.973218e-001
2.000549641840410e-001	-8.654568e-001
2.000693754381052e-001	-8.342674e-001
2.000837866921695e-001	-8.037536e-001
2.000981979462337e-001	-7.739154e-001
2.001991195864269e-001	-5.822301e-001
2.004009628668132e-001	-2.606477e-001
2.005842369220170e-001	-3.358497e-002
2.007838209838178e-001	1.410053e-001
2.010000145373521e-001	2.627635e-001
2.012233592427230e-001	3.293790e-001
2.014418179871454e-001	3.496902e-001
2.016167768555829e-001	3.398469e-001
2.017922090690137e-001	3.115867e-001
2.019877939627622e-001	2.658248e-001
2.022986509935551e-001	1.790176e-001
2.025809148267587e-001	9.594456e-002
2.028050460718471e-001	3.217566e-002
2.030065031741624e-001	-1.957858e-002
2.032092862504790e-001	-6.427582e-002
2.034284931316493e-001	-1.028474e-001
2.037033779955489e-001	-1.372277e-001
2.039970324775717e-001	-1.577155e-001
2.043295374649890e-001	-1.626314e-001
2.046786333591832e-001	-1.514582e-001
2.050041835366905e-001	-1.296890e-001
2.053039515542973e-001	-1.032529e-001
2.055460254894725e-001	-7.951339e-002
2.057608498355538e-001	-5.797846e-002
2.059783017960861e-001	-3.677495e-002
2.061781360387881e-001	-1.857866e-002
2.064277576440797e-001	1.721106e-003
2.067015049081302e-001	2.039096e-002
2.070193327618762e-001	3.695380e-002
2.073473343520766e-001	4.812650e-002
2.077242036283407e-001	5.418885e-002
2.080776458191073e-001	5.452400e-002
2.083332047835630e-001	5.180924e-002
2.085553768137363e-001	4.770535e-002
2.087833161350929e-001	4.238433e-002
2.089923455180463e-001	3.684393e-002
2.092497588078833e-001	2.957127e-002
2.095353484563020e-001	2.145638e-002
2.098663973893696e-001	1.253744e-002
2.102125335396946e-001	4.334912e-003
2.106079676943782e-001	-3.234404e-003
2.109749346152526e-001	-8.428326e-003
2.112635703719648e-001	-1.116779e-002
2.114927009010854e-001	-1.247270e-002
2.116987071848721e-001	-1.303616e-002
2.119132135130197e-001	-1.311965e-002
2.121064572205502e-001	-1.281417e-002
2.123198779903741e-001	-1.211315e-002
2.125681193823231e-001	-1.095164e-002
2.128408795658041e-001	-9.381577e-003
2.131331106149967e-001	-7.503741e-003
2.134513676938718e-001	-5.398025e-003
2.137863248292308e-001	-3.279731e-003
2.141380596087097e-001	-1.305079e-003
2.144931509870556e-001	3.238526e-004
2.148652372839244e-001	1.584330e-003
2.152366788672367e-001	2.370672e-003
2.156677646137979e-001	2.753375e-003
2.161395268197954e-001	2.685844e-003
2.165644875786756e-001	2.304142e-003
2.169548651386065e-001	1.781061e-003
2.173096486271978e-001	1.249227e-003
2.177636274581055e-001	5.901342e-004
2.182022664611109e-001	3.525630e-005
2.185560001521788e-001	-3.146498e-004
2.189429283022568e-001	-5.821538e-004
2.193039747285254e-001	-7.278517e-004
2.197173914346952e-001	-7.849379e-004
2.201400929325017e-001	-7.536917e-004
2.205261561358733e-001	-6.659739e-004
2.208953460587513e-001	-5.491424e-004
2.212624324417744e-001	-4.211201e-004
2.217236496329214e-001	-2.668499e-004
2.222079485161952e-001	-1.296984e-004
2.226692726853296e-001	-3.321606e-005
2.230976610351534e-001	2.262821e-005
2.234907661757017e-001	4.618596e-005
2.242345433739901e-001	3.470405e-005
2.249382054543795e-001	-1.493665e-005
2.255188682331191e-001	-6.259587e-005
2.260893446120829e-001	-1.022697e-004
2.269989385005039e-001	-1.382927e-004
2.285732274376931e-001	-1.368565e-004
2.302018395817629e-001	-1.091312e-004
2.315728823698492e-001	-1.083791e-004
2.329439251579356e-001	-1.078661e-004
2.343149679460220e-001	-1.075921e-004
2.356860107341084e-001	-1.075573e-004
2.370570535221947e-001	-1.077615e-004
2.384280963102811e-001	-1.082047e-004
2.397991390983675e-001	-1.088871e-004
2.666600000000000e-001	-1.089006e-004
2.666600000010000e-001	2.093826e-003
2.666600006747059e-001	2.112843e-003
2.666600013484118e-001	2.157893e-003
2.666600020221178e-001	2.228977e-003
2.666600026958237e-001	2.326094e-003
2.666600033695297e-001	2.449244e-003
2.666600040432356e-001	2.598428e-003
2.666600047169415e-001	2.773644e-003
2.666600078195116e-001	3.867350e-003
2.666600119645669e-001	6.108542e-003
2.666600171775828e-001	1.025973e-002
2.666600231389378e-001	1.709335e-002
2.666600301356497e-001	2.851380e-002
2.666600385475403e-001	4.800637e-002
2.666600492969340e-001	8.341567e-002
2.666600641063731e-001	1.501751e-001
2.666600797458041e-001	2.413261e-001
2.666600983730882e-001	3.709841e-001
2.666601166477106e-001	5.097327e-001
2.666601332768231e-001	6.367774e-001
2.666601494224917e-001	7.515272e-001
2.666601665780770e-001	8.563302e-001
2.666601846968514e-001	9.455601e-001
2.666601967013122e-001	9.899967e-001
2.666602092638127e-001	1.022261e+000
2.666602231277063e-001	1.044869e+000
2.666602371656552e-001	1.056192e+000
2.666602523429258e-001	1.058385e+000
2.666602676506503e-001	1.053458e+000
2.666602838594258e-001	1.043722e+000
2.666603003186754e-001	1.032027e+000
2.666603164480383e-001	1.020815e+000
2.666603326965205e-001	1.011079e+000
2.666603490156079e-001	1.003474e+000
2.666603646470167e-001	9.983459e-001
2.666603793896677e-001	9.953328e-001
2.666603941985311e-001	9.937910e-001
2.666604095304836e-001	9.933465e-001
2.666604253223536e-001	9.936987e-001
2.666604405648402e-001	9.944968e-001
2.666604567113705e-001	9.955466e-001
2.666604715057744e-001	9.965055e-001
2.666604874738139e-001	9.974133e-001
2.666605029503092e-001	9.981043e-001
2.666605194404874e-001	9.986115e-001
2.666605378670798e-001	9.989251e-001
2.666605607895345e-001	9.990323e-001
2.666605934833456e-001	9.989036e-001
2.666606242950745e-001	9.986636e-001
2.666606538357549e-001	9.984334e-001
2.666606859130509e-001	9.982507e-001
2.666607217134199e-001	9.981263e-001
2.666607729772785e-001	9.980160e-001
2.666608358043063e-001	9.978946e-001
2.666609116220545e-001	9.977263e-001
2.666613139197732e-001	9.967644e-001
2.666767827066082e-001	9.604157e-001
2.666922514934433e-001	9.248430e-001
2.667077202802783e-001	8.900462e-001
2.667231890671133e-001	8.560255e-001
2.667386578539483e-001	8.227808e-001
2.667541266407834e-001	7.903120e-001
2.667695954276184e-001	7.586193e-001
2.668779805530505e-001	5.553853e-001
2.670797025540395e-001	2.400658e-001
2.672664545708530e-001	1.494845e-002
2.674693380479242e-001	-1.562031e-001
2.676857513523585e-001	-2.719419e-001
2.679095204888354e-001	-3.334306e-001
2.681264317431323e-001	-3.496388e-001
2.683036000215001e-001	-3.371868e-001
2.684811324246031e-001	-3.066006e-001
2.686914556339099e-001	-2.558455e-001
2.689706324680370e-001	-1.770012e-001
2.692707465551743e-001	-8.897009e-002
2.695440664795653e-001	-1.341850e-002
2.697972449430983e-001	4.659198e-002
2.700925950262906e-001	9.934675e-002
2.705150630657410e-001	1.455462e-001
2.709338102509775e-001	1.627061e-001
2.712513638866368e-001	1.572438e-001
2.715300615391542e-001	1.412311e-001
2.718085661077024e-001	1.184523e-001
2.721234878529585e-001	8.849713e-002
2.723542218072619e-001	6.537325e-002
2.725535187714610e-001	4.553246e-002
2.727541376583809e-001	2.653185e-002
2.729715468285583e-001	7.742837e-003
2.732457910881941e-001	-1.277471e-002
2.735383806362273e-001	-3.027799e-002
2.738703917638877e-001	-4.432571e-002
2.742179972227476e-001	-5.258521e-002
2.746127900135039e-001	-5.489171e-002
2.750314637475035e-001	-5.111756e-002
2.754014689568528e-001	-4.375537e-002
2.758074535597324e-001	-3.311905e-002
2.761854697942279e-001	-2.248374e-002
2.766026223778313e-001	-1.131835e-002
2.770179057893466e-001	-1.770462e-003
2.773894695557061e-001	4.962157e-003
2.776843220677551e-001	8.876910e-003
2.779271105123859e-001	1.108395e-002
2.781506525067305e-001	1.234600e-002
2.783758211027889e-001	1.296708e-002
2.785956349381462e-001	1.299463e-002
2.788904240319395e-001	1.233597e-002
2.791946764010441e-001	1.104830e-002
2.795578531079379e-001	8.963786e-003
2.799238954791783e-001	6.584273e-003
2.803619497140815e-001	3.741629e-003
2.808204314146462e-001	1.085068e-003
2.812071785988886e-001	-7.213041e-004
2.815559648747396e-001	-1.904295e-003
2.819026718411466e-001	-2.637940e-003
2.823270634640326e-001	-3.021610e-003
2.828042276272478e-001	-2.958902e-003
2.832338234612840e-001	-2.572842e-003
2.835877727711167e-001	-2.093611e-003
2.839402744389292e-001	-1.554525e-003
2.843689836667095e-001	-9.155787e-004
2.848460201013126e-001	-2.971228e-004
2.852782852476617e-001	1.355978e-004
2.856771110537629e-001	4.048143e-004
2.860405011841177e-001	5.355891e-004
2.865046155296479e-001	5.764210e-004
2.869343647893867e-001	5.258955e-004
2.872754965516173e-001	4.366253e-004
2.876534363486736e-001	3.091683e-004
2.880306112971071e-001	1.739507e-004
2.884174797105794e-001	4.145023e-005
2.887816611304381e-001	-6.781776e-005
2.891072910696876e-001	-1.467736e-004
2.894421091882339e-001	-2.064956e-004
2.898075169868289e-001	-2.473392e-004
2.902385143625564e-001	-2.676893e-004
2.906830934332794e-001	-2.640346e-004
2.911031645677466e-001	-2.433660e-004
2.914914650065009e-001	-2.148889e-004
2.919050001545614e-001	-1.808747e-004
2.923709000368139e-001	-1.442559e-004
2.932607160719101e-001	-9.157237e-005
2.937140595081915e-001	-8.200525e-005
2.941674029444729e-001	-7.616952e-005
2.946207463807543e-001	-7.406519e-005
2.950740898170357e-001	-7.569226e-005
2.955274332533171e-001	-8.105073e-005
2.959807766895985e-001	-9.014060e-005
2.964341201258799e-001	-1.029619e-004
2.978296745792350e-001	-1.067496e-004
2.992252290325901e-001	-1.096053e-004
3.006207834859452e-001	-1.115290e-004
3.020163379393003e-001	-1.125208e-004
3.034118923926554e-001	-1.125806e-004
3.048074468460106e-001	-1.117084e-004
3.062030012993657e-001	-1.099043e-004
3.333260000010000e-001	-1.089723e-004
3.333260000020000e-001	-2.311748e-003
3.333260006816807e-001	-2.331185e-003
3.333260013613614e-001	-2.377193e-003
3.333260020410420e-001	-2.449772e-003
3.333260027207227e-001	-2.548921e-003
3.333260034004033e-001	-2.674641e-003
3.333260040800840e-001	-2.826932e-003
3.333260047597647e-001	-3.005794e-003
3.333260078763131e-001	-4.114436e-003
3.333260120396592e-001	-6.386503e-003
3.333260172594610e-001	-1.059154e-002
3.333260233602161e-001	-1.767811e-002
3.333260303900711e-001	-2.933547e-002
3.333260389311362e-001	-4.947446e-002
3.333260497521421e-001	-8.577556e-002
3.333260648209683e-001	-1.548443e-001
3.333260803869194e-001	-2.463048e-001
3.333260966534820e-001	-3.598295e-001
3.333261131668160e-001	-4.857329e-001
3.333261290948411e-001	-6.088170e-001
3.333261458219701e-001	-7.307553e-001
3.333261627681444e-001	-8.374988e-001
3.333261840528913e-001	-9.455710e-001
3.333261961032929e-001	-9.913748e-001
3.333262082069508e-001	-1.022774e+000
3.333262223063238e-001	-1.046032e+000
3.333262360734300e-001	-1.057287e+000
3.333262514713024e-001	-1.059479e+000
3.333262665266518e-001	-1.054512e+000
3.333262828615704e-001	-1.044470e+000
3.333262990848067e-001	-1.032710e+000
3.333263153728938e-001	-1.021160e+000
3.333263314391559e-001	-1.011353e+000
3.333263478350783e-001	-1.003576e+000
3.333263631934983e-001	-9.984590e-001
3.333263781619076e-001	-9.953655e-001
3.333263928213894e-001	-9.938367e-001
3.333264083303405e-001	-9.934130e-001
3.333264239902203e-001	-9.938071e-001
3.333264408450548e-001	-9.947445e-001
3.333264561774021e-001	-9.957792e-001
3.333264717188447e-001	-9.968134e-001
3.333264870551153e-001	-9.976941e-001
3.333265031261429e-001	-9.984089e-001
3.333265191598930e-001	-9.988910e-001
3.333265381784502e-001	-9.991949e-001
3.333265608959634e-001	-9.992766e-001
3.333265961429784e-001	-9.991058e-001
3.333266268531497e-001	-9.988542e-001
3.333266562725482e-001	-9.986250e-001
3.333266877765679e-001	-9.984529e-001
3.333267245112264e-001	-9.983341e-001
3.333267785478321e-001	-9.982243e-001
3.333268399761451e-001	-9.981061e-001
3.333269140673968e-001	-9.979395e-001
3.333273191953529e-001	-9.969705e-001
3.333417298176283e-001	-9.630801e-001
3.333561404399038e-001	-9.298652e-001
3.333705510621792e-001	-8.973259e-001
3.333849616844545e-001	-8.654622e-001
3.333993723067300e-001	-8.342740e-001
3.334137829290054e-001	-8.037614e-001
3.334281935512808e-001	-7.739244e-001
3.335291106862340e-001	-5.822457e-001
3.337309449561405e-001	-2.606725e-001
3.339142207872155e-001	-3.360243e-002
3.341138063913683e-001	1.409946e-001
3.343299989252767e-001	2.627569e-001
3.345533437139476e-001	3.293762e-001
3.347718026573474e-001	3.496903e-001
3.349467597442326e-001	3.398490e-001
3.351221902602935e-001	3.115905e-001
3.353177640450595e-001	2.658325e-001
3.356286140101683e-001	1.790284e-001
3.359108802206842e-001	9.595463e-002
3.361350152900290e-001	3.218400e-002
3.363364750810563e-001	-1.957182e-002
3.365392611388604e-001	-6.427085e-002
3.367584570976056e-001	-1.028419e-001
3.370333414832489e-001	-1.372242e-001
3.373269877133435e-001	-1.577136e-001
3.376594942205388e-001	-1.626319e-001
3.380085807706510e-001	-1.514609e-001
3.383341464060731e-001	-1.296919e-001
3.386339086490632e-001	-1.032570e-001
3.388759860841157e-001	-7.951732e-002
3.390908146603276e-001	-5.798196e-002
3.393082830948083e-001	-3.677674e-002
3.395081201736127e-001	-1.858004e-002
3.397577363243211e-001	1.719512e-003
3.400314809124834e-001	2.038950e-002
3.403493053313578e-001	3.695261e-002
3.406773061996402e-001	4.812578e-002
3.410541713420521e-001	5.418858e-002
3.414076232283124e-001	5.452412e-002
3.416631885865019e-001	5.180948e-002
3.418853619028283e-001	4.770566e-002
3.421133075565930e-001	4.238454e-002
3.423223376049397e-001	3.684414e-002
3.425797485555590e-001	2.957157e-002
3.428653368003325e-001	2.145671e-002
3.431963842386797e-001	1.253778e-002
3.435425197240395e-001	4.335211e-003
3.439379519763354e-001	-3.234145e-003
3.443049213150252e-001	-8.428169e-003
3.445935616336091e-001	-1.116773e-002
3.448226941343583e-001	-1.247267e-002
3.450287007612002e-001	-1.303615e-002
3.452432093946547e-001	-1.311965e-002
3.454364534251885e-001	-1.281418e-002
3.456498730495514e-001	-1.211317e-002
3.458981139537006e-001	-1.095167e-002
3.461708734380953e-001	-9.381615e-003
3.464631040706988e-001	-7.503784e-003
3.467813605651432e-001	-5.398071e-003
3.471163174465941e-001	-3.279776e-003
3.474680519049813e-001	-1.305118e-003
3.478231433642298e-001	3.238225e-004
3.481952274958276e-001	1.584303e-003
3.485666719702225e-001	2.370661e-003
3.489977553640304e-001	2.753372e-003
3.494695202799521e-001	2.685847e-003
3.498944798709403e-001	2.304151e-003
3.502848595026990e-001	1.781069e-003
3.506396415747580e-001	1.249238e-003
3.510936155804029e-001	5.901505e-004
3.515322571727712e-001	3.526696e-005
3.518859936050113e-001	-3.146440e-004
3.522729231828718e-001	-5.821510e-004
3.526339683963881e-001	-7.278498e-004
3.530473878901883e-001	-7.849376e-004
3.534700908889367e-001	-7.536921e-004
3.538561540137379e-001	-6.659746e-004
3.542253433325449e-001	-5.491434e-004
3.545924290979238e-001	-4.211213e-004
3.550536451980910e-001	-2.668513e-004
3.555379448394152e-001	-1.296993e-004
3.559992688322266e-001	-3.321671e-005
3.564276577746461e-001	2.262791e-005
3.568207630474329e-001	4.618588e-005
3.575645407685801e-001	3.470421e-005
3.582682022809447e-001	-1.493638e-005
3.588488662387174e-001	-6.259571e-005
3.594193443479052e-001	-1.022697e-004
3.603289370522315e-001	-1.382927e-004
3.619032267206064e-001	-1.368565e-004
3.635318385475342e-001	-1.091312e-004
3.649028812453037e-001	-1.083791e-004
3.662739239430732e-001	-1.078661e-004
3.676449666408427e-001	-1.075921e-004
3.690160093386122e-001	-1.075572e-004
3.703870520363817e-001	-1.077614e-004
3.717580947341512e-001	-1.082047e-004
3.731291374319207e-001	-1.088871e-004
3.999900000000000e-001	-1.089004e-004
3.999900000010000e-001	2.093826e-003
3.999900006747059e-001	2.112843e-003
3.999900013484118e-001	2.157894e-003
3.999900020221178e-001	2.228977e-003
3.999900026958237e-001	2.326094e-003
3.999900033695297e-001	2.449244e-003
3.999900040432356e-001	2.598428e-003
3.999900047169415e-001	2.773645e-003
3.999900078195116e-001	3.867350e-003
3.999900119645670e-001	6.108542e-003
3.999900171775829e-001	1.025973e-002
3.999900231389379e-001	1.709335e-002
3.999900301356498e-001	2.851380e-002
3.999900385475405e-001	4.800637e-002
3.999900492969342e-001	8.341567e-002
3.999900641063734e-001	1.501751e-001
3.999900797458043e-001	2.413261e-001
3.999900983730885e-001	3.709842e-001
3.999901166477108e-001	5.097327e-001
3.999901332768234e-001	6.367774e-001
3.999901494224919e-001	7.515272e-001
3.999901665780773e-001	8.563302e-001
3.999901846968515e-001	9.455601e-001
3.999901967013123e-001	9.899967e-001
3.999902092638129e-001	1.022261e+000
3.999902231277064e-001	1.044869e+000
3.999902371656553e-001	1.056192e+000
3.999902523429258e-001	1.058385e+000
3.999902676506504e-001	1.053458e+000
3.999902838594259e-001	1.043722e+000
3.999903003186754e-001	1.032027e+000
3.999903164480384e-001	1.020815e+000
3.999903326965205e-001	1.011079e+000
3.999903490156079e-001	1.003474e+000
3.999903646470166e-001	9.983459e-001
3.999903793896677e-001	9.953328e-001
3.999903941985308e-001	9.937910e-001
3.999904095304834e-001	9.933465e-001
3.999904253223535e-001	9.936987e-001
3.999904405648402e-001	9.944968e-001
3.999904567113704e-001	9.955466e-001
3.999904715057743e-001	9.965055e-001
3.999904874738139e-001	9.974133e-001
3.999905029503093e-001	9.981043e-001
3.999905194404874e-001	9.986115e-001
3.999905378670802e-001	9.989251e-001
3.999905607895340e-001	9.990323e-001
3.999905934833446e-001	9.989036e-001
3.999906242950739e-001	9.986636e-001
3.999906538357551e-001	9.984334e-001
3.999906859130512e-001	9.982507e-001
3.999907217134202e-001	9.981263e-001
3.999907729772756e-001	9.980160e-001
3.999908358042975e-001	9.978946e-001
3.999909116220444e-001	9.977263e-001
3.999913139197240e-001	9.967644e-001
4.000067827014417e-001	9.604157e-001
4.000222514831593e-001	9.248430e-001
4.000377202648770e-001	8.900463e-001
4.000531890465947e-001	8.560256e-001
4.000686578283124e-001	8.227808e-001
4.000841266100300e-001	7.903121e-001
4.000995953917477e-001	7.586194e-001
4.002079804810933e-001	5.553854e-001
4.004097024893977e-001	2.400659e-001
4.005964544867774e-001	1.494853e-002
4.007993379455778e-001	-1.562030e-001
4.010157512497778e-001	-2.719419e-001
4.012395203843333e-001	-3.334306e-001
4.014564316468925e-001	-3.496388e-001
4.016335999150322e-001	-3.371868e-001
4.018111323084063e-001	-3.066007e-001
4.020214554492569e-001	-2.558455e-001
4.023006323043186e-001	-1.770012e-001
4.026007463775183e-001	-8.897014e-002
4.028740663705119e-001	-1.341853e-002
4.031272448222411e-001	4.659196e-002
4.034225948625141e-001	9.934673e-002
4.038450628072498e-001	1.455462e-001
4.042638100608078e-001	1.627061e-001
4.045813637557017e-001	1.572438e-001
4.048600613957661e-001	1.412311e-001
4.051385659524771e-001	1.184523e-001
4.054534876692366e-001	8.849715e-002
4.056842216374861e-001	6.537326e-002
4.058835186195862e-001	4.553247e-002
4.060841375258601e-001	2.653186e-002
4.063015466367491e-001	7.742852e-003
4.065757908943816e-001	-1.277470e-002
4.068683803970418e-001	-3.027798e-002
4.072003915337749e-001	-4.432570e-002
4.075479969418216e-001	-5.258521e-002
4.079427897342348e-001	-5.489171e-002
4.083614634150450e-001	-5.111757e-002
4.087314686505537e-001	-4.375538e-002
4.091374532999708e-001	-3.311905e-002
4.095154694997601e-001	-2.248375e-002
4.099326221625568e-001	-1.131835e-002
4.103479056233116e-001	-1.770466e-003
4.107194694034179e-001	4.962155e-003
4.110143219489251e-001	8.876909e-003
4.112571104061314e-001	1.108395e-002
4.114806524175277e-001	1.234600e-002
4.117058210281026e-001	1.296708e-002
4.119256348381781e-001	1.299463e-002
4.122204239249102e-001	1.233597e-002
4.125246762836332e-001	1.104830e-002
4.128878530022682e-001	8.963787e-003
4.132538953476271e-001	6.584274e-003
4.136919495612739e-001	3.741630e-003
4.141504312217126e-001	1.085069e-003
4.145371784194575e-001	-7.213034e-004
4.148859646826774e-001	-1.904295e-003
4.152326716370823e-001	-2.637939e-003
4.156570632068953e-001	-3.021610e-003
4.161342274129626e-001	-2.958902e-003
4.165638232428619e-001	-2.572842e-003
4.169177725159879e-001	-2.093612e-003
4.172702741445480e-001	-1.554526e-003
4.176989833017721e-001	-9.155792e-004
4.181760198004643e-001	-2.971232e-004
4.186082849396538e-001	1.355975e-004
4.190071108069555e-001	4.048142e-004
4.193705008965573e-001	5.355890e-004
4.198346150978349e-001	5.764210e-004
4.202643644362721e-001	5.258956e-004
4.206054963003861e-001	4.366254e-004
4.209834361567321e-001	3.091684e-004
4.213606110561790e-001	1.739507e-004
4.217474794483556e-001	4.145031e-005
4.221116609122665e-001	-6.781770e-005
4.224372908479415e-001	-1.467735e-004
4.227721090447784e-001	-2.064956e-004
4.231375167854500e-001	-2.473392e-004
4.235685141542814e-001	-2.676892e-004
4.240130933022939e-001	-2.640346e-004
4.244331644902581e-001	-2.433660e-004
4.248214648968917e-001	-2.148889e-004
4.252350000720538e-001	-1.808747e-004
4.257008998074366e-001	-1.442559e-004
4.265907159216046e-001	-9.157237e-005
4.270440593202243e-001	-8.200525e-005
4.274974027188439e-001	-7.616952e-005
4.279507461174635e-001	-7.406519e-005
4.284040895160832e-001	-7.569226e-005
4.288574329147029e-001	-8.105073e-005
4.293107763133225e-001	-9.014059e-005
4.297641197119421e-001	-1.029619e-004
4.311596741899553e-001	-1.067496e-004
4.325552286679685e-001	-1.096053e-004
4.339507831459817e-001	-1.115290e-004
4.353463376239950e-001	-1.125208e-004
4.367418921020082e-001	-1.125806e-004
4.381374465800214e-001	-1.117084e-004
4.395330010580346e-001	-1.099043e-004
4.666216954364954e-001	-1.140905e-004
4.666560000010001e-001	-1.362698e-004
4.666560000020000e-001	-2.338984e-003
4.666560006839906e-001	-2.358598e-003
4.666560013659812e-001	-2.404954e-003
4.666560020479718e-001	-2.478053e-003
4.666560027299624e-001	-2.577895e-003
4.666560034119530e-001	-2.704480e-003
4.666560040939435e-001	-2.857807e-003
4.666560047759341e-001	-3.037878e-003
4.666560078958578e-001	-4.150318e-003
4.666560120689405e-001	-6.433082e-003
4.666560172913343e-001	-1.065092e-002
4.666560234164823e-001	-1.778502e-002
4.666560304553725e-001	-2.949251e-002
4.666560390242341e-001	-4.976207e-002
4.666560498684760e-001	-8.626287e-002
4.666560650030093e-001	-1.558353e-001
4.666560805577932e-001	-2.474243e-001
4.666560967985008e-001	-3.609158e-001
4.666561132922858e-001	-4.867234e-001
4.666561293536715e-001	-6.107985e-001
4.666561460168535e-001	-7.321105e-001
4.666561630167795e-001	-8.389196e-001
4.666561843231938e-001	-9.466753e-001
4.666561963829955e-001	-9.922454e-001
4.666562084901997e-001	-1.023391e+000
4.666562225946719e-001	-1.046385e+000
4.666562363671751e-001	-1.057428e+000
4.666562517836803e-001	-1.059440e+000
4.666562668470773e-001	-1.054354e+000
4.666562831964106e-001	-1.044239e+000
4.666562994301385e-001	-1.032456e+000
4.666563156910991e-001	-1.020947e+000
4.666563317767219e-001	-1.011168e+000
4.666563481612165e-001	-1.003441e+000
4.666563634261809e-001	-9.983940e-001
4.666563784317702e-001	-9.953234e-001
4.666563930517501e-001	-9.938205e-001
4.666564086115408e-001	-9.934127e-001
4.666564242442007e-001	-9.938169e-001
4.666564411775712e-001	-9.947649e-001
4.666564564467329e-001	-9.957964e-001
4.666564720301777e-001	-9.968318e-001
4.666564873360694e-001	-9.977075e-001
4.666565034462576e-001	-9.984198e-001
4.666565194584348e-001	-9.988968e-001
4.666565385831015e-001	-9.991976e-001
4.666565613710036e-001	-9.992748e-001
4.666565971329122e-001	-9.990970e-001
4.666566278898113e-001	-9.988446e-001
4.666566573798995e-001	-9.986165e-001
4.666566888898307e-001	-9.984470e-001
4.666567259751988e-001	-9.983293e-001
4.666567809721304e-001	-9.982187e-001
4.666568425067577e-001	-9.980999e-001
4.666569166369726e-001	-9.979323e-001
4.666573266186779e-001	-9.969518e-001
4.666716041228196e-001	-9.633711e-001
4.666858816269613e-001	-9.304538e-001
4.667001591311030e-001	-8.981999e-001
4.667144366352447e-001	-8.666094e-001
4.667287141393864e-001	-8.356822e-001
4.667429916435281e-001	-8.054185e-001
4.667572691476698e-001	-7.758182e-001
4.668572334765994e-001	-5.855384e-001
4.670571621344585e-001	-2.659197e-001
4.672408144850851e-001	-3.729908e-002
4.674407281389238e-001	1.387301e-001
4.676567033076794e-001	2.613508e-001
4.678800659037136e-001	3.287683e-001
4.680985643764420e-001	3.497083e-001
4.682731449888869e-001	3.402759e-001
4.684482168284194e-001	3.123970e-001
4.686414375975785e-001	2.674614e-001
4.689507957425146e-001	1.812996e-001
4.692335614387084e-001	9.808706e-002
4.694585424530610e-001	3.394145e-002
4.696605724391266e-001	-1.814757e-002
4.698639897707151e-001	-6.322411e-002
4.700808815420838e-001	-1.016798e-001
4.703556662180687e-001	-1.364672e-001
4.706475739510608e-001	-1.573022e-001
4.709804043555335e-001	-1.627207e-001
4.713275232772041e-001	-1.520272e-001
4.716563419214870e-001	-1.303027e-001
4.719548927608815e-001	-1.041155e-001
4.721976913597258e-001	-8.034386e-002
4.724134084531171e-001	-5.871896e-002
4.726343131270217e-001	-3.715616e-002
4.728347499090487e-001	-1.887334e-002
4.730831991616121e-001	1.379589e-003
4.733563885571497e-001	2.007999e-002
4.736734729889479e-001	3.669947e-002
4.740013295539564e-001	4.797355e-002
4.743773066750265e-001	5.413163e-002
4.747328138520037e-001	5.454892e-002
4.749897370141012e-001	5.186047e-002
4.752121836013007e-001	4.777098e-002
4.754414716123180e-001	4.242940e-002
4.756506442881900e-001	3.689060e-002
4.759075565865398e-001	2.963417e-002
4.761928447212807e-001	2.152635e-002
4.765235731306389e-001	1.260972e-002
4.768695704310038e-001	4.399021e-003
4.772645884198072e-001	-3.178601e-003
4.776320709999884e-001	-8.394680e-003
4.779216885315503e-001	-1.115345e-002
4.781512420920324e-001	-1.246659e-002
4.783573227451506e-001	-1.304532e-002
4.785506352128536e-001	-1.314264e-002
4.787447942654245e-001	-1.286654e-002
4.789480036970049e-001	-1.223649e-002
4.792002875278171e-001	-1.109454e-002
4.794644328130254e-001	-9.604186e-003
4.797601264261880e-001	-7.719742e-003
4.800699082883732e-001	-5.669969e-003
4.804080792065114e-001	-3.511352e-003
4.807537781314408e-001	-1.535501e-003
4.811128269215915e-001	1.617064e-004
4.814713411549629e-001	1.429122e-003
4.818602329204361e-001	2.308981e-003
4.822779044125410e-001	2.747671e-003
4.826957607193765e-001	2.754938e-003
4.830848321232112e-001	2.464834e-003
4.834310699339329e-001	2.039712e-003
4.838017295686056e-001	1.497080e-003
4.842074299291766e-001	8.897678e-004
4.846202492924476e-001	3.217541e-004
4.850040875657500e-001	-1.207958e-004
4.853443258560833e-001	-4.192307e-004
4.857073582162425e-001	-6.327941e-004
4.861007261982882e-001	-7.547916e-004
4.865228782167594e-001	-7.807815e-004
4.869328395867046e-001	-7.264400e-004
4.873024577983751e-001	-6.289650e-004
4.877042336394296e-001	-4.953974e-004
4.880954718986116e-001	-3.594385e-004
4.885279249952573e-001	-2.213636e-004
4.890192038580953e-001	-9.376521e-005
4.894627830234849e-001	-1.256517e-005
4.898931868137543e-001	3.248353e-005
4.906860826654957e-001	4.325146e-005
4.913879211400479e-001	1.208455e-006
4.920469196294910e-001	-5.232788e-005
4.925892514882251e-001	-9.257444e-005
4.933732833380042e-001	-1.301248e-004
4.950240377401493e-001	-1.399663e-004
4.967054894862947e-001	-1.113032e-004
4.980615608129836e-001	-1.093889e-004
4.994176321396726e-001	-1.079975e-004
5.007737034663615e-001	-1.071292e-004
5.021297747930505e-001	-1.067838e-004
5.034858461197395e-001	-1.069615e-004
5.048419174464285e-001	-1.076622e-004
5.061979887731174e-001	-1.088859e-004
5.333200000000000e-001	-1.088544e-004
5.333200000010000e-001	2.093872e-003
5.333200006747060e-001	2.112888e-003
5.333200013484118e-001	2.157937e-003
5.333200020221178e-001	2.229020e-003
5.333200026958237e-001	2.326136e-003
5.333200033695297e-001	2.449285e-003
5.333200040432355e-001	2.598467e-003
5.333200047169415e-001	2.773683e-003
5.333200078195072e-001	3.867381e-003
5.333200119645485e-001	6.108556e-003
5.333200171775557e-001	1.025973e-002
5.333200231389209e-001	1.709334e-002
5.333200301356260e-001	2.851376e-002
5.333200385475188e-001	4.800631e-002
5.333200492968984e-001	8.341552e-002
5.333200641063280e-001	1.501749e-001
5.333200797457546e-001	2.413257e-001
5.333200983730300e-001	3.709837e-001
5.333201166476659e-001	5.097324e-001
5.333201332767761e-001	6.367770e-001
5.333201494224484e-001	7.515268e-001
5.333201665780224e-001	8.563298e-001
5.333201846968516e-001	9.455601e-001
5.333201967013121e-001	9.899967e-001
5.333202092638048e-001	1.022261e+000
5.333202231277012e-001	1.044869e+000
5.333202371656467e-001	1.056192e+000
5.333202523429205e-001	1.058385e+000
5.333202676506421e-001	1.053458e+000
5.333202838594199e-001	1.043722e+000
5.333203003186671e-001	1.032027e+000
5.333203164480325e-001	1.020815e+000
5.333203326965125e-001	1.011079e+000
5.333203490156014e-001	1.003474e+000
5.333203646470106e-001	9.983459e-001
5.333203793896620e-001	9.953328e-001
5.333203941985251e-001	9.937910e-001
5.333204095304777e-001	9.933465e-001
5.333204253223475e-001	9.936987e-001
5.333204405648354e-001	9.944968e-001
5.333204567113653e-001	9.955466e-001
5.333204715057699e-001	9.965055e-001
5.333204874738087e-001	9.974133e-001
5.333205029503045e-001	9.981043e-001
5.333205194404820e-001	9.986115e-001
5.333205378670729e-001	9.989251e-001
5.333205607895254e-001	9.990323e-001
5.333205934833286e-001	9.989036e-001
5.333206242950570e-001	9.986636e-001
5.333206538357368e-001	9.984334e-001
5.333206859130322e-001	9.982507e-001
5.333207217133961e-001	9.981263e-001
5.333207729772352e-001	9.980160e-001
5.333208358042577e-001	9.978946e-001
5.333209116219959e-001	9.977263e-001
5.333213139196461e-001	9.967644e-001
5.333367826962444e-001	9.604157e-001
5.333522514728427e-001	9.248430e-001
5.333677202494410e-001	8.900463e-001
5.333831890260392e-001	8.560256e-001
5.333986578026375e-001	8.227809e-001
5.334141265792358e-001	7.903122e-001
5.334295953558341e-001	7.586194e-001
5.335379804094091e-001	5.553856e-001
5.337397024248582e-001	2.400659e-001
5.339264544029820e-001	1.494861e-002
5.341293378436890e-001	-1.562029e-001
5.343457511476270e-001	-2.719418e-001
5.345695202802852e-001	-3.334305e-001
5.347864315510519e-001	-3.496388e-001
5.349635998089961e-001	-3.371868e-001
5.351411321926761e-001	-3.066007e-001
5.353514552653357e-001	-2.558455e-001
5.356306321361044e-001	-1.770013e-001
5.359307461964128e-001	-8.897019e-002
5.362040662580063e-001	-1.341856e-002
5.364572446799563e-001	4.659192e-002
5.367525947186925e-001	9.934670e-002
5.371750624555076e-001	1.455462e-001
5.375938098524630e-001	1.627061e-001
5.379113636500223e-001	1.572438e-001
5.381900612750158e-001	1.412311e-001
5.384685658171270e-001	1.184523e-001
5.387834874999231e-001	8.849717e-002
5.390142214807377e-001	6.537328e-002
5.392135184801027e-001	4.553249e-002
5.394141374050305e-001	2.653187e-002
5.396315464608676e-001	7.742866e-003
5.399057907167970e-001	-1.277469e-002
5.401983801774677e-001	-3.027797e-002
5.405303913228652e-001	-4.432569e-002
5.408779966838750e-001	-5.258520e-002
5.412727894782976e-001	-5.489171e-002
5.416914631098887e-001	-5.111757e-002
5.420614683692461e-001	-4.375539e-002
5.424674530615046e-001	-3.311906e-002
5.428454692294688e-001	-2.248376e-002
5.432626219050541e-001	-1.131836e-002
5.436779053934355e-001	-1.770470e-003
5.440494692020268e-001	4.962152e-003
5.443443217955445e-001	8.876907e-003
5.445871102696870e-001	1.108395e-002
5.448106522819297e-001	1.234600e-002
5.450358208975801e-001	1.296708e-002
5.452556346532222e-001	1.299463e-002
5.455504237325791e-001	1.233597e-002
5.458546760403071e-001	1.104831e-002
5.462178527463147e-001	8.963788e-003
5.465838950476144e-001	6.584276e-003
5.470219492853117e-001	3.741632e-003
5.474804308831424e-001	1.085070e-003
5.478671780898978e-001	-7.213021e-004
5.482159643216485e-001	-1.904294e-003
5.485626712441342e-001	-2.637939e-003
5.489870627142529e-001	-3.021610e-003
5.494642270109220e-001	-2.958902e-003
5.498938228261727e-001	-2.572843e-003
5.502477720359076e-001	-2.093612e-003
5.506002735971858e-001	-1.554527e-003
5.510289826137959e-001	-9.155802e-004
5.515060192292667e-001	-2.971238e-004
5.519382843638745e-001	1.355970e-004
5.523371103336551e-001	4.048139e-004
5.527005003108682e-001	5.355888e-004
5.531646143705676e-001	5.764211e-004
5.535943638013394e-001	5.258957e-004
5.539354958011844e-001	4.366255e-004
5.543134357580014e-001	3.091685e-004
5.546906105449964e-001	1.739509e-004
5.550774789520004e-001	4.145047e-005
5.554416604829982e-001	-6.781759e-005
5.557672903874575e-001	-1.467734e-004
5.561021087510780e-001	-2.064956e-004
5.564675164641413e-001	-2.473392e-004
5.568985137464544e-001	-2.676892e-004
5.573430928560241e-001	-2.640346e-004
5.577631640900628e-001	-2.433660e-004
5.581514644945177e-001	-2.148890e-004
5.585649996321821e-001	-1.808747e-004
5.590308991879048e-001	-1.442560e-004
5.599207153617380e-001	-9.157240e-005
5.603740588263209e-001	-8.200526e-005
5.608274022909037e-001	-7.616952e-005
5.612807457554865e-001	-7.406519e-005
5.617340892200692e-001	-7.569225e-005
5.621874326846520e-001	-8.105072e-005
5.626407761492348e-001	-9.014059e-005
5.630941196138176e-001	-1.029619e-004
5.644896738657611e-001	-1.067496e-004
5.658852281177047e-001	-1.096053e-004
5.672807823696482e-001	-1.115290e-004
5.686763366215918e-001	-1.125208e-004
5.700718908735353e-001	-1.125806e-004
5.714674451254789e-001	-1.117084e-004
5.728629993774224e-001	-1.099043e-004
5.999860000010000e-001	-1.089723e-004
5.999860000020000e-001	-2.311638e-003
5.999860000020800e-001	-2.311711e-003
5.999860006817203e-001	-2.331173e-003
5.999860013613604e-001	-2.377197e-003
5.999860020410006e-001	-2.449782e-003
5.999860027206408e-001	-2.548929e-003
5.999860034002811e-001	-2.674637e-003
5.999860040799212e-001	-2.826906e-003
5.999860047595614e-001	-3.005737e-003
5.999860078760058e-001	-4.114303e-003
5.999860120393085e-001	-6.386270e-003
5.999860172589669e-001	-1.059107e-002
5.999860233597215e-001	-1.767743e-002
5.999860303894231e-001	-2.933420e-002
5.999860389303969e-001	-4.947240e-002
5.999860497511091e-001	-8.577149e-002
5.999860648195083e-001	-1.548365e-001
5.999860803854555e-001	-2.462954e-001
5.999860966522047e-001	-3.598201e-001
5.999861131656820e-001	-4.857241e-001
5.999861290931451e-001	-6.088041e-001
5.999861458205390e-001	-7.307454e-001
5.999861627664118e-001	-8.374891e-001
5.999861840507517e-001	-9.455624e-001
5.999861961010028e-001	-9.913677e-001
5.999862082046316e-001	-1.022769e+000
5.999862223039487e-001	-1.046029e+000
5.999862360710271e-001	-1.057286e+000
5.999862514687342e-001	-1.059479e+000
5.999862665240285e-001	-1.054513e+000
5.999862828588187e-001	-1.044472e+000
5.999862990819782e-001	-1.032712e+000
5.999863153702799e-001	-1.021162e+000
5.999863314363899e-001	-1.011355e+000
5.999863478324008e-001	-1.003577e+000
5.999863631916653e-001	-9.984595e-001
5.999863781597299e-001	-9.953658e-001
5.999863928195719e-001	-9.938369e-001
5.999864083280745e-001	-9.934130e-001
5.999864239882079e-001	-9.938071e-001
5.999864408423866e-001	-9.947444e-001
5.999864561752613e-001	-9.957791e-001
5.999864717163490e-001	-9.968132e-001
5.999864870528797e-001	-9.976941e-001
5.999865031235799e-001	-9.984088e-001
5.999865191575157e-001	-9.988909e-001
5.999865381752210e-001	-9.991948e-001
5.999865608921983e-001	-9.992765e-001
5.999865961351838e-001	-9.991059e-001
5.999866268450090e-001	-9.988543e-001
5.999866562638594e-001	-9.986250e-001
5.999866877678515e-001	-9.984530e-001
5.999867244997931e-001	-9.983342e-001
5.999867785291025e-001	-9.982243e-001
5.999868399567898e-001	-9.981062e-001
5.999869140479007e-001	-9.979395e-001
5.999873191402276e-001	-9.969707e-001
5.999935840766049e-001	-9.821451e-001
5.999998919570718e-001	-9.673516e-001
6.000125077180059e-001	-9.381638e-001
6.000377392398739e-001	-8.813643e-001
6.000882022836099e-001	-7.739065e-001
6.001891283710820e-001	-5.822147e-001
6.003909805460260e-001	-2.606232e-001
6.005742528480436e-001	-3.356774e-002
6.007738353872385e-001	1.410159e-001
6.009900299471350e-001	2.627701e-001
6.012133745702716e-001	3.293819e-001
6.014318331182644e-001	3.496901e-001
6.016067937451671e-001	3.398449e-001
6.017822276339734e-001	3.115829e-001
6.019778234924375e-001	2.658172e-001
6.022886874973437e-001	1.790070e-001
6.025709490001150e-001	9.593461e-002
6.027950764708636e-001	3.216742e-002
6.029965309164155e-001	-1.958526e-002
6.031993110467450e-001	-6.428073e-002
6.034185287138150e-001	-1.028529e-001
6.036934140499697e-001	-1.372313e-001
6.039870766808849e-001	-1.577174e-001
6.043195801667511e-001	-1.626310e-001
6.046686852883457e-001	-1.514555e-001
6.049942202015115e-001	-1.296861e-001
6.052939939216521e-001	-1.032489e-001
6.055360644002570e-001	-7.950952e-002
6.057508845690159e-001	-5.797501e-002
6.059683202608767e-001	-3.677319e-002
6.061681517030019e-001	-1.857730e-002
6.064177786935616e-001	1.722680e-003
6.066915286000782e-001	2.039240e-002
6.070093598449916e-001	3.695497e-002
6.073373621487380e-001	4.812720e-002
6.077142355061934e-001	5.418910e-002
6.080676681216295e-001	5.452389e-002
6.083232207800747e-001	5.180900e-002
6.085453915444632e-001	4.770505e-002
6.087733246137869e-001	4.238412e-002
6.089823533363432e-001	3.684371e-002
6.092397689272965e-001	2.957099e-002
6.095253599811857e-001	2.145606e-002
6.098564103829086e-001	1.253711e-002
6.102025471741763e-001	4.334618e-003
6.105979832641845e-001	-3.234661e-003
6.109649478012840e-001	-8.428480e-003
6.112535790245687e-001	-1.116786e-002
6.114827076018290e-001	-1.247273e-002
6.116887135447048e-001	-1.303617e-002
6.119032175919044e-001	-1.311965e-002
6.120964609874372e-001	-1.281416e-002
6.123098829021016e-001	-1.211313e-002
6.125581247818234e-001	-1.095161e-002
6.128308856404652e-001	-9.381540e-003
6.131231170912623e-001	-7.503699e-003
6.134413747464986e-001	-5.397979e-003
6.137763321586695e-001	-3.279687e-003
6.141280672566999e-001	-1.305039e-003
6.144831584909306e-001	3.238822e-004
6.148552470108453e-001	1.584357e-003
6.152266857022263e-001	2.370683e-003
6.156577737990340e-001	2.753379e-003
6.161295332937546e-001	2.685840e-003
6.165544952222888e-001	2.304133e-003
6.169448707203393e-001	1.781053e-003
6.172996556212780e-001	1.249216e-003
6.177536392301329e-001	5.901182e-004
6.181922756631582e-001	3.524574e-005
6.185460066504761e-001	-3.146556e-004
6.189329333939738e-001	-5.821565e-004
6.192939810304111e-001	-7.278534e-004
6.197073949947888e-001	-7.849382e-004
6.201300949934779e-001	-7.536914e-004
6.205161582683754e-001	-6.659732e-004
6.208853488149485e-001	-5.491414e-004
6.212524358283440e-001	-4.211189e-004
6.217136540738686e-001	-2.668485e-004
6.221979522452720e-001	-1.296975e-004
6.226592765014772e-001	-3.321542e-005
6.230876643251608e-001	2.262851e-005
6.234807693558255e-001	4.618604e-005
6.242245459904752e-001	3.470391e-005
6.249282086716060e-001	-1.493691e-005
6.255088702039886e-001	-6.259604e-005
6.260793449801720e-001	-1.022698e-004
6.269889394313341e-001	-1.382927e-004
6.285632280904169e-001	-1.368565e-004
6.301918385249576e-001	-1.091312e-004
6.315628811713282e-001	-1.083791e-004
6.329339238176988e-001	-1.078661e-004
6.343049664640693e-001	-1.075921e-004
6.356760091104399e-001	-1.075573e-004
6.370470517568104e-001	-1.077614e-004
6.384180944031810e-001	-1.082047e-004
6.397891370495515e-001	-1.088871e-004
7.992743591317719e-001	-1.093862e-004
8.000000000000000e-001	-1.093862e-004
