time	V(vout)
0.000000000000000e+000	-1.093862e-004
1.000000000000000e-012	2.093389e-003
9.553073565661277e-010	2.130430e-003
1.909614713132255e-009	2.217859e-003
2.863922069698383e-009	2.355676e-003
3.818229426264511e-009	2.543881e-003
4.772536782830638e-009	2.782475e-003
5.726844139396766e-009	3.071456e-003
6.681151495962892e-009	3.410826e-003
1.062030343040502e-008	5.278205e-003
1.533653592751331e-008	8.615547e-003
2.125991265907345e-008	1.467605e-002
2.772550620885817e-008	2.412628e-002
3.578425493238379e-008	4.085130e-002
4.552379454618527e-008	6.957482e-002
5.889459117884797e-008	1.243829e-001
7.461637901446991e-008	2.093399e-001
9.186854977347285e-008	3.233253e-001
1.079624196965768e-007	4.428927e-001
1.236123400666837e-007	5.637769e-001
1.404679553628486e-007	6.896034e-001
1.571392372150071e-007	8.008001e-001
1.764318360835445e-007	9.083860e-001
1.893928963943482e-007	9.648644e-001
2.021137998620345e-007	1.005019e+000
2.158436061013884e-007	1.034346e+000
2.296591016217708e-007	1.051302e+000
2.443468183293842e-007	1.058190e+000
2.594355220502895e-007	1.056692e+000
2.752876080668488e-007	1.049156e+000
2.914935546996897e-007	1.038319e+000
3.083756910545815e-007	1.026254e+000
3.240626340969237e-007	1.015986e+000
3.407275306067906e-007	1.007058e+000
3.568397999225194e-007	1.000646e+000
3.717136900357583e-007	9.967063e-001
3.866371157290843e-007	9.944327e-001
4.015002424795349e-007	9.934706e-001
4.172340969421808e-007	9.934532e-001
4.330762086780414e-007	9.940798e-001
4.495615683745685e-007	9.950776e-001
4.646097884932859e-007	9.960697e-001
4.801733314321311e-007	9.970220e-001
4.956613789152216e-007	9.978042e-001
5.118628202492019e-007	9.984066e-001
5.289452020217122e-007	9.988027e-001
5.497395769188576e-007	9.990115e-001
5.761968363422622e-007	9.990003e-001
6.101498540392012e-007	9.987781e-001
6.394982053860822e-007	9.985408e-001
6.728658482349335e-007	9.983159e-001
7.043543906173424e-007	9.981776e-001
7.488072479064499e-007	9.980637e-001
8.179390628346180e-007	9.979290e-001
8.974710418310251e-007	9.977597e-001
1.385653990125767e-006	9.965960e-001
1.873836938420508e-006	9.954338e-001
2.362019886715250e-006	9.942732e-001
2.850202835009991e-006	9.931141e-001
3.338385783304733e-006	9.919567e-001
3.826568731599474e-006	9.908008e-001
4.314751679894215e-006	9.896464e-001
1.255153049987151e-005	9.702594e-001
2.258517749884102e-005	9.469442e-001
4.229144646187480e-005	9.021277e-001
8.170398438794236e-005	8.162688e-001
1.598289843879424e-004	6.567614e-001
2.379539843879424e-004	5.103970e-001
3.160789843879424e-004	3.784472e-001
3.942039843879424e-004	2.601925e-001
4.723289843879424e-004	1.549081e-001
5.504539843879424e-004	6.186911e-002
6.285789843879423e-004	-1.964663e-002
7.067039843879423e-004	-9.035451e-002
7.848289843879423e-004	-1.509603e-001
8.629539843879422e-004	-2.021574e-001
9.410789843879422e-004	-2.446243e-001
1.019203984387942e-003	-2.790228e-001
1.097328984387942e-003	-3.059957e-001
1.175453984387942e-003	-3.261656e-001
1.253578984387943e-003	-3.401333e-001
1.331703984387943e-003	-3.484770e-001
1.409828984387943e-003	-3.517512e-001
1.487953984387943e-003	-3.504858e-001
1.566078984387943e-003	-3.451860e-001
1.644203984387943e-003	-3.363316e-001
1.722328984387943e-003	-3.243772e-001
1.800453984387943e-003	-3.097515e-001
1.878578984387943e-003	-2.928580e-001
1.956703984387943e-003	-2.740747e-001
2.034828984387943e-003	-2.537549e-001
2.112953984387943e-003	-2.322269e-001
2.191078984387943e-003	-2.097950e-001
2.269203984387943e-003	-1.867401e-001
2.347328984387943e-003	-1.633198e-001
2.425453984387943e-003	-1.397694e-001
2.503578984387943e-003	-1.163028e-001
2.581703984387943e-003	-9.311266e-002
2.659828984387944e-003	-7.037193e-002
2.737953984387944e-003	-4.823416e-002
2.816078984387944e-003	-2.683455e-002
2.894203984387944e-003	-6.290775e-003
2.972328984387944e-003	1.329609e-002
3.050453984387944e-003	3.184073e-002
3.128578984387944e-003	4.927266e-002
3.206703984387944e-003	6.553534e-002
3.284828984387944e-003	8.058530e-002
3.362953984387944e-003	9.439124e-002
3.441078984387944e-003	1.069332e-001
3.519203984387944e-003	1.182015e-001
3.597328984387944e-003	1.281965e-001
3.675453984387944e-003	1.369268e-001
3.753578984387945e-003	1.444094e-001
3.831703984387945e-003	1.506685e-001
3.909828984387944e-003	1.557346e-001
3.987953984387944e-003	1.596442e-001
4.066078984387944e-003	1.624386e-001
4.144203984387944e-003	1.641638e-001
4.222328984387944e-003	1.648694e-001
4.300453984387945e-003	1.646082e-001
4.378578984387945e-003	1.634358e-001
4.456703984387945e-003	1.614095e-001
4.534828984387945e-003	1.585887e-001
4.612953984387945e-003	1.550333e-001
4.691078984387945e-003	1.508043e-001
4.769203984387945e-003	1.459626e-001
4.847328984387945e-003	1.405693e-001
4.925453984387945e-003	1.346846e-001
5.003578984387945e-003	1.283682e-001
5.081703984387945e-003	1.216786e-001
5.159828984387945e-003	1.146727e-001
5.237953984387945e-003	1.074061e-001
5.316078984387945e-003	9.993232e-002
5.394203984387946e-003	9.230293e-002
5.472328984387946e-003	8.456734e-002
5.550453984387946e-003	7.677262e-002
5.628578984387946e-003	6.896339e-002
5.706703984387946e-003	6.118176e-002
5.784828984387946e-003	5.346723e-002
5.862953984387946e-003	4.585663e-002
5.941078984387946e-003	3.838411e-002
6.019203984387946e-003	3.108110e-002
6.097328984387946e-003	2.397631e-002
6.175453984387946e-003	1.709577e-002
6.253578984387946e-003	1.046282e-002
6.331703984387946e-003	4.098157e-003
6.409828984387946e-003	-1.980093e-003
6.487953984387947e-003	-7.756338e-003
6.566078984387947e-003	-1.327590e-002
6.621807967775893e-003	-1.697757e-002
6.666600001000000e-003	-1.984799e-002
6.666600002000000e-003	-2.205077e-002
6.666600189234204e-003	-2.205206e-002
6.666600376468408e-003	-2.205575e-002
6.666600563702612e-003	-2.206185e-002
6.666600750936815e-003	-2.207036e-002
6.666600938171019e-003	-2.208128e-002
6.666601125405223e-003	-2.209460e-002
6.666601312639427e-003	-2.211033e-002
6.666602623358853e-003	-2.227550e-002
6.666604717904381e-003	-2.272728e-002
6.666607613285630e-003	-2.373641e-002
6.666611773229782e-003	-2.595142e-002
6.666616838402288e-003	-3.001688e-002
6.666623956256386e-003	-3.874700e-002
6.666633665767745e-003	-5.699090e-002
6.666645408062806e-003	-9.045736e-002
6.666659859041159e-003	-1.498437e-001
6.666675766205144e-003	-2.371814e-001
6.666693096131609e-003	-3.534255e-001
6.666709168919336e-003	-4.740219e-001
6.666724794564999e-003	-5.952632e-001
6.666741524903596e-003	-7.200159e-001
6.666758254712159e-003	-8.306754e-001
6.666777824624277e-003	-9.382059e-001
6.666790145840517e-003	-9.907658e-001
6.666802569218559e-003	-1.028845e+000
6.666816392553444e-003	-1.057313e+000
6.666830184451911e-003	-1.073264e+000
6.666845013559872e-003	-1.079252e+000
6.666860042561453e-003	-1.076955e+000
6.666875958646357e-003	-1.068751e+000
6.666892094520417e-003	-1.057560e+000
6.666908891406081e-003	-1.045355e+000
6.666924604838001e-003	-1.035039e+000
6.666941205071286e-003	-1.026227e+000
6.666957305918412e-003	-1.019962e+000
6.666972193645827e-003	-1.016176e+000
6.666987122055677e-003	-1.014063e+000
6.667002110487474e-003	-1.013242e+000
6.667017864190305e-003	-1.013355e+000
6.667033790876908e-003	-1.014083e+000
6.667050159110139e-003	-1.015139e+000
6.667065237447468e-003	-1.016164e+000
6.667080888871915e-003	-1.017130e+000
6.667096436556522e-003	-1.017908e+000
6.667112691880470e-003	-1.018492e+000
6.667129932141847e-003	-1.018865e+000
6.667151155112962e-003	-1.019043e+000
6.667178941481374e-003	-1.018995e+000
6.667210787394001e-003	-1.018765e+000
6.667239513339731e-003	-1.018527e+000
6.667348094181728e-003	-1.018068e+000
6.678262660900089e-003	-9.930081e-001
6.689177227618450e-003	-9.683223e-001
6.700091794336811e-003	-9.440109e-001
6.711006361055172e-003	-9.200740e-001
6.721920927773533e-003	-8.965115e-001
6.732835494491894e-003	-8.733235e-001
6.743750061210255e-003	-8.505099e-001
6.817846030085199e-003	-7.022277e-001
6.895971030085199e-003	-5.584699e-001
6.974096030085199e-003	-4.286622e-001
7.052221030085199e-003	-3.122817e-001
7.130346030085199e-003	-2.086061e-001
7.208471030085199e-003	-1.169136e-001
7.286596030085199e-003	-3.648667e-002
7.364721030085199e-003	3.338458e-002
7.442846030085199e-003	9.339939e-002
7.520971030085200e-003	1.442437e-001
7.599096030085200e-003	1.865879e-001
7.677221030085200e-003	2.210846e-001
7.755346030085200e-003	2.483671e-001
7.833471030085200e-003	2.690478e-001
7.911596030085200e-003	2.837169e-001
7.989721030085200e-003	2.929414e-001
8.067846030085200e-003	2.972642e-001
8.145971030085200e-003	2.972038e-001
8.224096030085200e-003	2.932533e-001
8.302221030085200e-003	2.858805e-001
8.380346030085200e-003	2.755279e-001
8.458471030085200e-003	2.626122e-001
8.536596030085200e-003	2.475247e-001
8.614721030085201e-003	2.306317e-001
8.692846030085201e-003	2.122746e-001
8.770971030085201e-003	1.927702e-001
8.849096030085201e-003	1.724118e-001
8.927221030085201e-003	1.514691e-001
9.005346030085201e-003	1.301891e-001
9.083471030085201e-003	1.087971e-001
9.161596030085201e-003	8.749691e-002
9.239721030085201e-003	6.647209e-002
9.317846030085201e-003	4.588652e-002
9.395971030085201e-003	2.588536e-002
9.474096030085201e-003	6.595862e-003
9.552221030085201e-003	-1.187172e-002
9.630346030085201e-003	-2.942324e-002
9.708471030085202e-003	-4.597978e-002
9.786596030085202e-003	-6.147671e-002
9.864721030085202e-003	-7.586285e-002
9.942846030085202e-003	-8.909953e-002
1.002097103008520e-002	-1.011598e-001
1.009909603008520e-002	-1.120273e-001
1.017722103008520e-002	-1.216960e-001
1.025534603008520e-002	-1.301685e-001
1.033347103008520e-002	-1.374562e-001
1.041159603008520e-002	-1.435778e-001
1.048972103008520e-002	-1.485588e-001
1.056784603008520e-002	-1.524306e-001
1.064597103008520e-002	-1.552303e-001
1.072409603008520e-002	-1.569994e-001
1.080222103008520e-002	-1.577836e-001
1.088034603008520e-002	-1.576319e-001
1.095847103008520e-002	-1.565963e-001
1.103659603008520e-002	-1.547309e-001
1.111472103008520e-002	-1.520917e-001
1.119284603008520e-002	-1.487360e-001
1.127097103008520e-002	-1.447220e-001
1.134909603008520e-002	-1.401082e-001
1.142722103008520e-002	-1.349532e-001
1.150534603008520e-002	-1.293152e-001
1.158347103008520e-002	-1.232518e-001
1.166159603008520e-002	-1.168197e-001
1.173972103008520e-002	-1.100742e-001
1.181784603008520e-002	-1.030692e-001
1.189597103008520e-002	-9.585699e-002
1.197409603008520e-002	-8.848779e-002
1.205222103008520e-002	-8.100986e-002
1.213034603008520e-002	-7.346925e-002
1.220847103008520e-002	-6.590963e-002
1.228659603008520e-002	-5.837230e-002
1.236472103008520e-002	-5.089603e-002
1.244284603008520e-002	-4.351699e-002
1.252097103008520e-002	-3.626880e-002
1.259909603008520e-002	-2.918241e-002
1.267722103008520e-002	-2.228614e-002
1.275534603008520e-002	-1.560568e-002
1.283347103008520e-002	-9.164118e-003
1.291159603008520e-002	-2.981955e-003
1.298972103008520e-002	2.922831e-003
1.306784603008520e-002	8.534735e-003
1.314597103008521e-002	1.384066e-002
1.322409603008521e-002	1.887940e-002
1.329986587965918e-002	2.342851e-002
1.333300000000000e-002	2.532454e-002
1.333300000100000e-002	2.752732e-002
1.333300037548016e-002	2.753303e-002
1.333300074996032e-002	2.754751e-002
1.333300112444048e-002	2.757075e-002
1.333300149892064e-002	2.760276e-002
1.333300187340080e-002	2.764352e-002
1.333300224788097e-002	2.769306e-002
1.333300262236113e-002	2.775135e-002
1.333300471702704e-002	2.820181e-002
1.333300761235117e-002	2.920808e-002
1.333301177850007e-002	3.142016e-002
1.333301684713984e-002	3.547703e-002
1.333302397647481e-002	4.419357e-002
1.333303368325485e-002	6.253390e-002
1.333304616051794e-002	9.849082e-002
1.333306094347944e-002	1.600063e-001
1.333307697464467e-002	2.490261e-001
1.333309447090383e-002	3.671086e-001
1.333311061956655e-002	4.883107e-001
1.333312631534574e-002	6.094608e-001
1.333314304323936e-002	7.328507e-001
1.333315995324090e-002	8.427085e-001
1.333318003492724e-002	9.504087e-001
1.333319190477634e-002	9.995431e-001
1.333320411678644e-002	1.035654e+000
1.333321797089270e-002	1.063136e+000
1.333323179425810e-002	1.078403e+000
1.333324673929330e-002	1.083947e+000
1.333326181118941e-002	1.081407e+000
1.333327783690944e-002	1.073120e+000
1.333329404902051e-002	1.062016e+000
1.333331074872630e-002	1.050123e+000
1.333332656441172e-002	1.039995e+000
1.333334315312599e-002	1.031437e+000
1.333335937893991e-002	1.025317e+000
1.333337408302883e-002	1.021699e+000
1.333338908366448e-002	1.019649e+000
1.333340399016253e-002	1.018859e+000
1.333341983475447e-002	1.018970e+000
1.333343576032600e-002	1.019675e+000
1.333345198363705e-002	1.020688e+000
1.333346707035196e-002	1.021682e+000
1.333348265678195e-002	1.022616e+000
1.333349824277432e-002	1.023374e+000
1.333351446434054e-002	1.023943e+000
1.333353204369344e-002	1.024314e+000
1.333355340108013e-002	1.024489e+000
1.333358166836707e-002	1.024442e+000
1.333361404775014e-002	1.024216e+000
1.333364331303418e-002	1.023980e+000
1.333375441262064e-002	1.023528e+000
1.334723675099978e-002	9.925721e-001
1.336071908937892e-002	9.621596e-001
1.337420142775806e-002	9.322906e-001
1.338768376613721e-002	9.029650e-001
1.340116610451635e-002	8.741831e-001
1.341464844289549e-002	8.459446e-001
1.342813078127463e-002	8.182496e-001
1.350625578127463e-002	6.647639e-001
1.358438078127463e-002	5.243783e-001
1.366250578127463e-002	3.979460e-001
1.374063078127463e-002	2.847485e-001
1.381875578127463e-002	1.840648e-001
1.389688078127463e-002	9.517527e-002
1.397500578127463e-002	1.736554e-002
1.405313078127463e-002	-5.007048e-002
1.413125578127463e-002	-1.078276e-001
1.420938078127463e-002	-1.565867e-001
1.428750578127463e-002	-1.970127e-001
1.436563078127463e-002	-2.297524e-001
1.444375578127463e-002	-2.554328e-001
1.452188078127463e-002	-2.746599e-001
1.460000578127463e-002	-2.880172e-001
1.467813078127464e-002	-2.960649e-001
1.475625578127464e-002	-2.993390e-001
1.483438078127464e-002	-2.983510e-001
1.491250578127464e-002	-2.935870e-001
1.499063078127464e-002	-2.855082e-001
1.506875578127464e-002	-2.745497e-001
1.514688078127464e-002	-2.611218e-001
1.522500578127464e-002	-2.456091e-001
1.530313078127464e-002	-2.283712e-001
1.538125578127464e-002	-2.097434e-001
1.545938078127464e-002	-1.900363e-001
1.553750578127464e-002	-1.695370e-001
1.561563078127464e-002	-1.485097e-001
1.569375578127464e-002	-1.271959e-001
1.577188078127463e-002	-1.058154e-001
1.585000578127463e-002	-8.456708e-002
1.592813078127463e-002	-6.362973e-002
1.600625578127463e-002	-4.316266e-002
1.608438078127463e-002	-2.330671e-002
1.616250578127463e-002	-4.185073e-003
1.624063078127462e-002	1.409579e-002
1.631875578127462e-002	3.144530e-002
1.639688078127462e-002	4.778783e-002
1.647500578127462e-002	6.306184e-002
1.655313078127462e-002	7.721896e-002
1.663125578127462e-002	9.022316e-002
1.670938078127461e-002	1.020498e-001
1.678750578127461e-002	1.126848e-001
1.686563078127461e-002	1.221239e-001
1.694375578127461e-002	1.303717e-001
1.702188078127461e-002	1.374409e-001
1.710000578127461e-002	1.433517e-001
1.717813078127460e-002	1.481307e-001
1.725625578127460e-002	1.518105e-001
1.733438078127460e-002	1.544288e-001
1.741250578127460e-002	1.560280e-001
1.749063078127460e-002	1.566543e-001
1.756875578127460e-002	1.563572e-001
1.764688078127459e-002	1.551888e-001
1.772500578127459e-002	1.532036e-001
1.780313078127459e-002	1.504577e-001
1.788125578127459e-002	1.470083e-001
1.795938078127459e-002	1.429134e-001
1.803750578127459e-002	1.382315e-001
1.811563078127458e-002	1.330208e-001
1.819375578127458e-002	1.273393e-001
1.827188078127458e-002	1.212442e-001
1.835000578127458e-002	1.147916e-001
1.842813078127458e-002	1.080366e-001
1.850625578127458e-002	1.010323e-001
1.858438078127457e-002	9.383062e-002
1.866250578127457e-002	8.648112e-002
1.874063078127457e-002	7.903150e-002
1.881875578127457e-002	7.152715e-002
1.889688078127457e-002	6.401117e-002
1.897500578127457e-002	5.652419e-002
1.905313078127456e-002	4.910436e-002
1.913125578127456e-002	4.178723e-002
1.920938078127456e-002	3.460577e-002
1.928750578127456e-002	2.759033e-002
1.936563078127456e-002	2.076862e-002
1.944375578127456e-002	1.416575e-002
1.952188078127455e-002	7.804222e-003
1.960000578127455e-002	1.703992e-003
1.967813078127455e-002	-4.117496e-003
1.975625578127455e-002	-9.645246e-003
1.983438078127455e-002	-1.486664e-002
1.992147500100000e-002	-2.039324e-002
1.999960000100000e-002	-2.493943e-002
1.999960000200000e-002	-2.714221e-002
1.999960037648081e-002	-2.714794e-002
1.999960075096162e-002	-2.716245e-002
1.999960112544243e-002	-2.718575e-002
1.999960149992324e-002	-2.721784e-002
1.999960187440405e-002	-2.725872e-002
1.999960224888486e-002	-2.730839e-002
1.999960262336567e-002	-2.736684e-002
1.999960471791846e-002	-2.781855e-002
1.999960761330739e-002	-2.882844e-002
1.999961179558115e-002	-3.105727e-002
1.999961685257409e-002	-3.512163e-002
1.999962399082416e-002	-4.388968e-002
1.999963369943295e-002	-6.230602e-002
1.999964609330028e-002	-9.815048e-002
1.999966083118889e-002	-1.596894e-001
1.999967683508411e-002	-2.488691e-001
1.999969429918257e-002	-3.671978e-001
1.999971040701472e-002	-4.886233e-001
1.999972605179477e-002	-6.099533e-001
1.999974272211791e-002	-7.335330e-001
1.999975956453692e-002	-8.435159e-001
1.999977953420434e-002	-9.511666e-001
1.999979135277747e-002	-1.000323e+000
1.999980353482144e-002	-1.036466e+000
1.999981742230407e-002	-1.064020e+000
1.999983121443040e-002	-1.079133e+000
1.999984616954212e-002	-1.084452e+000
1.999986118777137e-002	-1.081650e+000
1.999987718876111e-002	-1.073082e+000
1.999989332601612e-002	-1.061771e+000
1.999991003478172e-002	-1.049658e+000
1.999992580778321e-002	-1.039418e+000
1.999994237234126e-002	-1.030791e+000
1.999995852650018e-002	-1.024672e+000
1.999997332977139e-002	-1.021046e+000
1.999998829453600e-002	-1.019043e+000
2.000000330111942e-002	-1.018305e+000
2.000001910883754e-002	-1.018479e+000
2.000003504927728e-002	-1.019242e+000
2.000005130106191e-002	-1.020303e+000
2.000006638396605e-002	-1.021326e+000
2.000008205018074e-002	-1.022283e+000
2.000009763408165e-002	-1.023047e+000
2.000011390137728e-002	-1.023614e+000
2.000013138313534e-002	-1.023974e+000
2.000015289767332e-002	-1.024135e+000
2.000018165373453e-002	-1.024068e+000
2.000021297615053e-002	-1.023835e+000
2.000024171836383e-002	-1.023597e+000
2.000035152264758e-002	-1.023148e+000
2.001239301602872e-002	-9.954558e-001
2.002443450940985e-002	-9.682125e-001
2.003647600279099e-002	-9.414183e-001
2.004851749617213e-002	-9.150730e-001
2.006055898955326e-002	-8.891767e-001
2.007260048293440e-002	-8.637293e-001
2.008464197631553e-002	-8.387309e-001
2.016276697631553e-002	-6.835840e-001
2.024089197631553e-002	-5.413593e-001
2.031901697631553e-002	-4.131821e-001
2.039714197631553e-002	-2.983343e-001
2.047526697631552e-002	-1.960948e-001
2.055339197631552e-002	-1.057435e-001
2.063151697631552e-002	-2.656484e-002
2.070964197631552e-002	4.214858e-002
2.078776697631552e-002	1.010933e-001
2.086589197631552e-002	1.509524e-001
2.094401697631551e-002	1.923931e-001
2.102214197631551e-002	2.260647e-001
2.110026697631551e-002	2.525970e-001
2.117839197631551e-002	2.725990e-001
2.125651697631551e-002	2.866571e-001
2.133464197631551e-002	2.953348e-001
2.141276697631550e-002	2.991714e-001
2.149089197631550e-002	2.986816e-001
2.156901697631550e-002	2.943550e-001
2.164714197631550e-002	2.866560e-001
2.172526697631550e-002	2.760232e-001
2.180339197631550e-002	2.628700e-001
2.188151697631549e-002	2.475846e-001
2.195964197631549e-002	2.305299e-001
2.203776697631549e-002	2.120441e-001
2.211589197631549e-002	1.924411e-001
2.219401697631549e-002	1.720112e-001
2.227214197631549e-002	1.510214e-001
2.235026697631548e-002	1.297160e-001
2.242839197631548e-002	1.083178e-001
2.250651697631548e-002	8.702835e-002
2.258464197631548e-002	6.602886e-002
2.266276697631548e-002	4.548113e-002
2.274089197631548e-002	2.552835e-002
2.281901697631547e-002	6.295954e-003
2.289714197631547e-002	-1.210752e-002
2.297526697631547e-002	-2.958950e-002
2.305339197631547e-002	-4.607250e-002
2.313151697631547e-002	-6.149324e-002
2.320964197631547e-002	-7.580173e-002
2.328776697631546e-002	-8.896041e-002
2.336589197631546e-002	-1.009433e-001
2.344401697631546e-002	-1.117349e-001
2.352214197631546e-002	-1.213299e-001
2.360026697631546e-002	-1.297319e-001
2.367839197631546e-002	-1.369524e-001
2.375651697631545e-002	-1.430109e-001
2.383464197631545e-002	-1.479332e-001
2.391276697631545e-002	-1.517512e-001
2.399089197631545e-002	-1.545020e-001
2.406901697631545e-002	-1.562276e-001
2.414714197631545e-002	-1.569736e-001
2.422526697631544e-002	-1.567892e-001
2.430339197631544e-002	-1.557263e-001
2.438151697631544e-002	-1.538392e-001
2.445964197631544e-002	-1.511837e-001
2.453776697631544e-002	-1.478170e-001
2.461589197631544e-002	-1.437971e-001
2.469401697631543e-002	-1.391825e-001
2.477214197631543e-002	-1.340314e-001
2.485026697631543e-002	-1.284019e-001
2.492839197631543e-002	-1.223515e-001
2.500651697631543e-002	-1.159363e-001
2.508464197631543e-002	-1.092116e-001
2.516276697631542e-002	-1.022309e-001
2.524089197631542e-002	-9.504622e-002
2.531901697631542e-002	-8.770750e-002
2.539714197631542e-002	-8.026271e-002
2.547526697631542e-002	-7.275756e-002
2.555339197631542e-002	-6.523547e-002
2.563151697631541e-002	-5.773742e-002
2.570964197631541e-002	-5.030187e-002
2.578776697631541e-002	-4.296475e-002
2.586589197631541e-002	-3.575937e-002
2.594401697631541e-002	-2.871643e-002
2.602214197631541e-002	-2.186400e-002
2.610026697631540e-002	-1.522751e-002
2.617839197631540e-002	-8.829823e-003
2.625651697631540e-002	-2.691217e-003
2.633464197631540e-002	3.170535e-003
2.641276697631540e-002	8.740122e-003
2.649089197631540e-002	1.400462e-002
2.658787500000000e-002	2.017187e-002
2.666600000000000e-002	2.472849e-002
2.666600000100000e-002	2.693126e-002
2.666600037547951e-002	2.693699e-002
2.666600074995902e-002	2.695148e-002
2.666600112443853e-002	2.697473e-002
2.666600149891804e-002	2.700675e-002
2.666600187339755e-002	2.704753e-002
2.666600224787707e-002	2.709708e-002
2.666600262235658e-002	2.715538e-002
2.666600471701670e-002	2.760590e-002
2.666600761233481e-002	2.861227e-002
2.666601177885198e-002	3.082470e-002
2.666601684754270e-002	3.488185e-002
2.666602397727458e-002	4.359932e-002
2.666603368414275e-002	6.192330e-002
2.666604608636583e-002	9.761003e-002
2.666606083636348e-002	1.588844e-001
2.666607685627999e-002	2.476999e-001
2.666609433791983e-002	3.655564e-001
2.666611048276478e-002	4.866704e-001
2.666612617621070e-002	6.078119e-001
2.666614291046068e-002	7.313312e-001
2.666615980739488e-002	8.412638e-001
2.666617984106686e-002	9.489397e-001
2.666619176605321e-002	9.984449e-001
2.666620400505844e-002	1.034771e+000
2.666621785102222e-002	1.062356e+000
2.666623167448235e-002	1.077718e+000
2.666624660460347e-002	1.083338e+000
2.666626167785317e-002	1.080856e+000
2.666627769340086e-002	1.072610e+000
2.666629390531393e-002	1.061521e+000
2.666631061465207e-002	1.049618e+000
2.666632642350773e-002	1.039480e+000
2.666634301596860e-002	1.030902e+000
2.666635923562838e-002	1.024765e+000
2.666637394874664e-002	1.021129e+000
2.666638894524882e-002	1.019066e+000
2.666640384908551e-002	1.018267e+000
2.666641968757381e-002	1.018371e+000
2.666643559559346e-002	1.019070e+000
2.666645184005414e-002	1.020083e+000
2.666646691920804e-002	1.021077e+000
2.666648250974488e-002	1.022012e+000
2.666649808591775e-002	1.022772e+000
2.666651431035982e-002	1.023343e+000
2.666653185440559e-002	1.023715e+000
2.666655318003995e-002	1.023893e+000
2.666658132223287e-002	1.023848e+000
2.666661377442313e-002	1.023622e+000
2.666664303797360e-002	1.023387e+000
2.666675398766833e-002	1.022933e+000
2.668042243556933e-002	9.915633e-001
2.669409088347032e-002	9.607487e-001
2.670775933137131e-002	9.304896e-001
2.672142777927231e-002	9.007859e-001
2.673509622717330e-002	8.716376e-001
2.674876467507429e-002	8.430448e-001
2.676243312297528e-002	8.150074e-001
2.684055812297528e-002	6.617437e-001
2.691868312297528e-002	5.216143e-001
2.699680812297528e-002	3.954278e-001
2.707493312297528e-002	2.824654e-001
2.715305812297527e-002	1.820060e-001
2.723118312297527e-002	9.332971e-002
2.730930812297527e-002	1.572221e-002
2.738743312297527e-002	-5.152258e-002
2.746555812297527e-002	-1.090994e-001
2.754368312297527e-002	-1.576891e-001
2.762180812297526e-002	-1.979564e-001
2.769993312297526e-002	-2.305478e-001
2.777805812297526e-002	-2.560903e-001
2.785618312297526e-002	-2.751896e-001
2.793430812297526e-002	-2.884288e-001
2.801243312297526e-002	-2.963679e-001
2.809055812297525e-002	-2.995425e-001
2.816868312297525e-002	-2.984639e-001
2.824680812297525e-002	-2.936179e-001
2.832493312297525e-002	-2.854651e-001
2.840305812297525e-002	-2.744405e-001
2.848118312297525e-002	-2.609538e-001
2.855930812297524e-002	-2.453894e-001
2.863743312297524e-002	-2.281066e-001
2.871555812297524e-002	-2.094401e-001
2.879368312297524e-002	-1.897002e-001
2.887180812297524e-002	-1.691738e-001
2.894993312297524e-002	-1.481246e-001
2.902805812297523e-002	-1.267936e-001
2.910618312297523e-002	-1.054006e-001
2.918430812297523e-002	-8.414392e-002
2.926243312297523e-002	-6.320203e-002
2.934055812297523e-002	-4.273393e-002
2.941868312297523e-002	-2.288015e-002
2.949680812297522e-002	-3.763591e-003
2.957493312297522e-002	1.450958e-002
2.965305812297522e-002	3.184907e-002
2.973118312297522e-002	4.817952e-002
2.980930812297522e-002	6.343964e-002
2.988743312297522e-002	7.758132e-002
2.996555812297521e-002	9.056872e-002
3.004368312297521e-002	1.023774e-001
3.012180812297521e-002	1.129937e-001
3.019993312297521e-002	1.224132e-001
3.027805812297521e-002	1.306410e-001
3.035618312297521e-002	1.376898e-001
3.043430812297520e-002	1.435799e-001
3.051243312297520e-002	1.483382e-001
3.059055812297520e-002	1.519974e-001
3.066868312297520e-002	1.545953e-001
3.074680812297520e-002	1.561744e-001
3.082493312297520e-002	1.567810e-001
3.090305812297519e-002	1.564646e-001
3.098118312297519e-002	1.552776e-001
3.105930812297519e-002	1.532744e-001
3.113743312297519e-002	1.505112e-001
3.121555812297519e-002	1.470453e-001
3.129368312297519e-002	1.429348e-001
3.137180812297519e-002	1.382380e-001
3.144993312297519e-002	1.330134e-001
3.152805812297518e-002	1.273188e-001
3.160618312297518e-002	1.212115e-001
3.168430812297518e-002	1.147477e-001
3.176243312297518e-002	1.079823e-001
3.184055812297518e-002	1.009687e-001
3.191868312297518e-002	9.375849e-002
3.199680812297517e-002	8.640143e-002
3.207493312297517e-002	7.894512e-002
3.215305812297517e-002	7.143497e-002
3.223118312297517e-002	6.391403e-002
3.230930812297517e-002	5.642291e-002
3.238743312297517e-002	4.899972e-002
3.246555812297516e-002	4.168000e-002
3.254368312297516e-002	3.449668e-002
3.262180812297516e-002	2.748007e-002
3.269993312297516e-002	2.065785e-002
3.277805812297516e-002	1.405509e-002
3.285618312297516e-002	7.694244e-003
3.293430812297515e-002	1.595240e-003
3.301243312297515e-002	-4.224521e-003
3.309055812297515e-002	-9.750079e-003
3.316868312297515e-002	-1.496886e-002
3.325447500100000e-002	-2.041428e-002
3.333260000100000e-002	-2.496196e-002
3.333260000200000e-002	-2.716474e-002
3.333260037648211e-002	-2.717046e-002
3.333260075096422e-002	-2.718498e-002
3.333260112544633e-002	-2.720828e-002
3.333260149992844e-002	-2.724037e-002
3.333260187441055e-002	-2.728125e-002
3.333260224889266e-002	-2.733092e-002
3.333260262337477e-002	-2.738938e-002
3.333260471793130e-002	-2.784109e-002
3.333260761332491e-002	-2.885098e-002
3.333261179542003e-002	-3.107970e-002
3.333261685249293e-002	-3.514409e-002
3.333262399058994e-002	-4.391188e-002
3.333263369922055e-002	-6.232878e-002
3.333264609594389e-002	-9.818337e-002
3.333266083511720e-002	-1.597314e-001
3.333267683942837e-002	-2.489186e-001
3.333269430406675e-002	-3.672557e-001
3.333271041203883e-002	-4.886844e-001
3.333272605690129e-002	-6.100148e-001
3.333274272699142e-002	-7.335896e-001
3.333275956988575e-002	-8.435698e-001
3.333277954131421e-002	-9.512213e-001
3.333279135786575e-002	-1.000364e+000
3.333280353891558e-002	-1.036499e+000
3.333281742668943e-002	-1.064049e+000
3.333283121880747e-002	-1.079159e+000
3.333284617446020e-002	-1.084475e+000
3.333286119263710e-002	-1.081671e+000
3.333287719399347e-002	-1.073102e+000
3.333289333125242e-002	-1.061790e+000
3.333291003965636e-002	-1.049677e+000
3.333292581290101e-002	-1.039438e+000
3.333294237731686e-002	-1.030811e+000
3.333295853169561e-002	-1.024693e+000
3.333297333461966e-002	-1.021068e+000
3.333298829953366e-002	-1.019065e+000
3.333300330619801e-002	-1.018328e+000
3.333301911414203e-002	-1.018502e+000
3.333303505464388e-002	-1.019264e+000
3.333305130595701e-002	-1.020326e+000
3.333306638887995e-002	-1.021349e+000
3.333308205516721e-002	-1.022305e+000
3.333309763922167e-002	-1.023070e+000
3.333311390657814e-002	-1.023637e+000
3.333313138938326e-002	-1.023997e+000
3.333315290521083e-002	-1.024157e+000
3.333318166563086e-002	-1.024091e+000
3.333321298606436e-002	-1.023857e+000
3.333324172841975e-002	-1.023619e+000
3.333335153866414e-002	-1.023170e+000
3.334539725610512e-002	-9.954690e-001
3.335744297354609e-002	-9.682168e-001
3.336948869098707e-002	-9.414138e-001
3.338153440842804e-002	-9.150600e-001
3.339358012586902e-002	-8.891554e-001
3.340562584330999e-002	-8.637001e-001
3.341767156075097e-002	-8.386939e-001
3.349579656075097e-002	-6.835536e-001
3.357392156075097e-002	-5.413358e-001
3.365204656075096e-002	-4.131650e-001
3.373017156075096e-002	-2.983231e-001
3.380829656075096e-002	-1.960891e-001
3.388642156075096e-002	-1.057427e-001
3.396454656075096e-002	-2.656863e-002
3.404267156075096e-002	4.214069e-002
3.412079656075095e-002	1.010818e-001
3.419892156075095e-002	1.509376e-001
3.427704656075095e-002	1.923754e-001
3.435517156075095e-002	2.260445e-001
3.443329656075095e-002	2.525747e-001
3.451142156075095e-002	2.725748e-001
3.458954656075094e-002	2.866315e-001
3.466767156075094e-002	2.953081e-001
3.474579656075094e-002	2.991438e-001
3.482392156075094e-002	2.986534e-001
3.490204656075094e-002	2.943265e-001
3.498017156075094e-002	2.866273e-001
3.505829656075093e-002	2.759947e-001
3.513642156075093e-002	2.628418e-001
3.521454656075093e-002	2.475569e-001
3.529267156075093e-002	2.305028e-001
3.537079656075093e-002	2.120178e-001
3.544892156075093e-002	1.924157e-001
3.552704656075092e-002	1.719869e-001
3.560517156075092e-002	1.509982e-001
3.568329656075092e-002	1.296940e-001
3.576142156075092e-002	1.082972e-001
3.583954656075092e-002	8.700903e-002
3.591767156075092e-002	6.601091e-002
3.599579656075091e-002	4.546461e-002
3.607392156075091e-002	2.551329e-002
3.615204656075091e-002	6.282343e-003
3.623017156075091e-002	-1.211967e-002
3.630829656075091e-002	-2.960020e-002
3.638642156075091e-002	-4.608177e-002
3.646454656075091e-002	-6.150110e-002
3.654267156075090e-002	-7.580821e-002
3.662079656075090e-002	-8.896555e-002
3.669892156075090e-002	-1.009471e-001
3.677704656075090e-002	-1.117375e-001
3.685517156075090e-002	-1.213313e-001
3.693329656075090e-002	-1.297321e-001
3.701142156075089e-002	-1.369516e-001
3.708954656075089e-002	-1.430090e-001
3.716767156075089e-002	-1.479303e-001
3.724579656075089e-002	-1.517474e-001
3.732392156075089e-002	-1.544974e-001
3.740204656075089e-002	-1.562222e-001
3.748017156075088e-002	-1.569676e-001
3.755829656075088e-002	-1.567825e-001
3.763642156075088e-002	-1.557191e-001
3.771454656075088e-002	-1.538314e-001
3.779267156075088e-002	-1.511755e-001
3.787079656075088e-002	-1.478084e-001
3.794892156075087e-002	-1.437883e-001
3.802704656075087e-002	-1.391734e-001
3.810517156075087e-002	-1.340221e-001
3.818329656075087e-002	-1.283925e-001
3.826142156075087e-002	-1.223419e-001
3.833954656075087e-002	-1.159267e-001
3.841767156075086e-002	-1.092020e-001
3.849579656075086e-002	-1.022214e-001
3.857392156075086e-002	-9.503684e-002
3.865204656075086e-002	-8.769827e-002
3.873017156075086e-002	-8.025365e-002
3.880829656075086e-002	-7.274872e-002
3.888642156075085e-002	-6.522687e-002
3.896454656075085e-002	-5.772908e-002
3.904267156075085e-002	-5.029383e-002
3.912079656075085e-002	-4.295703e-002
3.919892156075085e-002	-3.575199e-002
3.927704656075085e-002	-2.870941e-002
3.935517156075084e-002	-2.185734e-002
3.943329656075084e-002	-1.522123e-002
3.951142156075084e-002	-8.823931e-003
3.958954656075084e-002	-2.685721e-003
3.966767156075084e-002	3.175632e-003
3.974579656075084e-002	8.744817e-003
3.982392156075083e-002	1.400892e-002
3.992087500000000e-002	2.017391e-002
3.999900000000000e-002	2.473023e-002
3.999900000100000e-002	2.693300e-002
3.999900037547951e-002	2.693873e-002
3.999900074995902e-002	2.695322e-002
3.999900112443853e-002	2.697648e-002
3.999900149891805e-002	2.700849e-002
3.999900187339756e-002	2.704927e-002
3.999900224787707e-002	2.709882e-002
3.999900262235658e-002	2.715712e-002
3.999900471701670e-002	2.760764e-002
3.999900761233480e-002	2.861401e-002
3.999901177886720e-002	3.082645e-002
3.999901684755235e-002	3.488360e-002
3.999902397729818e-002	4.360110e-002
3.999903368416569e-002	6.192514e-002
3.999904608660738e-002	9.761269e-002
3.999906083670155e-002	1.588878e-001
3.999907685665043e-002	2.477039e-001
3.999909433833786e-002	3.655612e-001
3.999911048319580e-002	4.866755e-001
3.999912617664887e-002	6.078170e-001
3.999914291087860e-002	7.313359e-001
3.999915980785358e-002	8.412682e-001
3.999917984167566e-002	9.489442e-001
3.999919176648818e-002	9.984482e-001
3.999920400540849e-002	1.034774e+000
3.999921785139765e-002	1.062358e+000
3.999923167485756e-002	1.077720e+000
3.999924660502539e-002	1.083340e+000
3.999926167827089e-002	1.080858e+000
3.999927769385044e-002	1.072612e+000
3.999929390576414e-002	1.061522e+000
3.999931061507198e-002	1.049619e+000
3.999932642394918e-002	1.039482e+000
3.999934301639824e-002	1.030903e+000
3.999935923607740e-002	1.024766e+000
3.999937394916739e-002	1.021131e+000
3.999938894568231e-002	1.019068e+000
3.999940384952746e-002	1.018268e+000
3.999941968803476e-002	1.018373e+000
3.999943559610961e-002	1.019072e+000
3.999945184050355e-002	1.020085e+000
3.999946691968093e-002	1.021079e+000
3.999948251020460e-002	1.022014e+000
3.999949808640833e-002	1.022774e+000
3.999951431084082e-002	1.023345e+000
3.999953185499693e-002	1.023717e+000
3.999955318072971e-002	1.023894e+000
3.999958132331354e-002	1.023850e+000
3.999961377527474e-002	1.023624e+000
3.999964303882996e-002	1.023389e+000
3.999975398898809e-002	1.022935e+000
4.001342306642215e-002	9.915635e-001
4.002709214385621e-002	9.607476e-001
4.004076122129026e-002	9.304871e-001
4.005443029872431e-002	9.007821e-001
4.006809937615836e-002	8.716325e-001
4.008176845359242e-002	8.430384e-001
4.009543753102648e-002	8.149998e-001
4.017356253102648e-002	6.617366e-001
4.025168753102647e-002	5.216078e-001
4.032981253102647e-002	3.954218e-001
4.040793753102647e-002	2.824599e-001
4.048606253102647e-002	1.820009e-001
4.056418753102647e-002	9.332507e-002
4.064231253102647e-002	1.571799e-002
4.072043753102646e-002	-5.152641e-002
4.079856253102646e-002	-1.091029e-001
4.087668753102646e-002	-1.576922e-001
4.095481253102646e-002	-1.979592e-001
4.103293753102646e-002	-2.305504e-001
4.111106253102646e-002	-2.560926e-001
4.118918753102645e-002	-2.751916e-001
4.126731253102645e-002	-2.884306e-001
4.134543753102645e-002	-2.963695e-001
4.142356253102645e-002	-2.995440e-001
4.150168753102645e-002	-2.984652e-001
4.157981253102645e-002	-2.936191e-001
4.165793753102644e-002	-2.854661e-001
4.173606253102644e-002	-2.744414e-001
4.181418753102644e-002	-2.609546e-001
4.189231253102644e-002	-2.453901e-001
4.197043753102644e-002	-2.281072e-001
4.204856253102644e-002	-2.094406e-001
4.212668753102643e-002	-1.897007e-001
4.220481253102643e-002	-1.691743e-001
4.228293753102643e-002	-1.481249e-001
4.236106253102643e-002	-1.267940e-001
4.243918753102643e-002	-1.054009e-001
4.251731253102643e-002	-8.414422e-002
4.259543753102642e-002	-6.320230e-002
4.267356253102642e-002	-4.273419e-002
4.275168753102642e-002	-2.288039e-002
4.282981253102642e-002	-3.763826e-003
4.290793753102642e-002	1.450936e-002
4.298606253102642e-002	3.184885e-002
4.306418753102641e-002	4.817930e-002
4.314231253102641e-002	6.343942e-002
4.322043753102641e-002	7.758110e-002
4.329856253102641e-002	9.056850e-002
4.337668753102641e-002	1.023772e-001
4.345481253102641e-002	1.129934e-001
4.353293753102640e-002	1.224130e-001
4.361106253102640e-002	1.306408e-001
4.368918753102640e-002	1.376896e-001
4.376731253102640e-002	1.435797e-001
4.384543753102640e-002	1.483380e-001
4.392356253102640e-002	1.519971e-001
4.400168753102639e-002	1.545951e-001
4.407981253102639e-002	1.561742e-001
4.415793753102639e-002	1.567808e-001
4.423606253102639e-002	1.564644e-001
4.431418753102639e-002	1.552774e-001
4.439231253102639e-002	1.532742e-001
4.447043753102638e-002	1.505110e-001
4.454856253102638e-002	1.470451e-001
4.462668753102638e-002	1.429346e-001
4.470481253102638e-002	1.382378e-001
4.478293753102638e-002	1.330132e-001
4.486106253102638e-002	1.273186e-001
4.493918753102637e-002	1.212113e-001
4.501731253102637e-002	1.147476e-001
4.509543753102637e-002	1.079822e-001
4.517356253102637e-002	1.009686e-001
4.525168753102637e-002	9.375838e-002
4.532981253102637e-002	8.640133e-002
4.540793753102636e-002	7.894503e-002
4.548606253102636e-002	7.143489e-002
4.556418753102636e-002	6.391396e-002
4.564231253102636e-002	5.642284e-002
4.572043753102636e-002	4.899967e-002
4.579856253102636e-002	4.167996e-002
4.587668753102635e-002	3.449665e-002
4.595481253102635e-002	2.748005e-002
4.603293753102635e-002	2.065784e-002
4.611106253102635e-002	1.405509e-002
4.618918753102635e-002	7.694253e-003
4.626731253102635e-002	1.595258e-003
4.634543753102634e-002	-4.224493e-003
4.642356253102634e-002	-9.750044e-003
4.650168753102634e-002	-1.496882e-002
4.658747500100000e-002	-2.041396e-002
4.666560000100000e-002	-2.496165e-002
4.666560000200000e-002	-2.716443e-002
4.666560037647951e-002	-2.717015e-002
4.666560075095902e-002	-2.718467e-002
4.666560112543853e-002	-2.720797e-002
4.666560149991805e-002	-2.724006e-002
4.666560187439756e-002	-2.728094e-002
4.666560224887707e-002	-2.733061e-002
4.666560262335658e-002	-2.738906e-002
4.666560471790579e-002	-2.784077e-002
4.666560761329020e-002	-2.885066e-002
4.666561179537068e-002	-3.107936e-002
4.666561685243167e-002	-3.514373e-002
4.666562399050047e-002	-4.391144e-002
4.666563369910916e-002	-6.232821e-002
4.666564609578060e-002	-9.818248e-002
4.666566083489222e-002	-1.597300e-001
4.666567683921422e-002	-2.489170e-001
4.666569430379770e-002	-3.672534e-001
4.666571041174680e-002	-4.886819e-001
4.666572605660705e-002	-6.100123e-001
4.666574272671208e-002	-7.335874e-001
4.666575956958237e-002	-8.435677e-001
4.666577954090598e-002	-9.512191e-001
4.666579135757337e-002	-1.000362e+000
4.666580353868056e-002	-1.036498e+000
4.666581742643741e-002	-1.064048e+000
4.666583121855612e-002	-1.079159e+000
4.666584617417746e-002	-1.084474e+000
4.666586119235749e-002	-1.081671e+000
4.666587719369253e-002	-1.073102e+000
4.666589333095135e-002	-1.061789e+000
4.666591003937608e-002	-1.049677e+000
4.666592581260672e-002	-1.039438e+000
4.666594237703068e-002	-1.030811e+000
4.666595853139677e-002	-1.024693e+000
4.666597333434085e-002	-1.021067e+000
4.666598829924629e-002	-1.019064e+000
4.666600330590599e-002	-1.018327e+000
4.666601911383667e-002	-1.018501e+000
4.666603505433505e-002	-1.019264e+000
4.666605130567543e-002	-1.020325e+000
4.666606638859751e-002	-1.021349e+000
4.666608205488071e-002	-1.022305e+000
4.666609763892659e-002	-1.023069e+000
4.666611390627954e-002	-1.023637e+000
4.666613138902406e-002	-1.023996e+000
4.666615290477745e-002	-1.024157e+000
4.666618166494732e-002	-1.024090e+000
4.666621298549509e-002	-1.023857e+000
4.666624172784201e-002	-1.023619e+000
4.666635153774217e-002	-1.023170e+000
4.667839706324375e-002	-9.954691e-001
4.669044258874533e-002	-9.682174e-001
4.670248811424691e-002	-9.414148e-001
4.671453363974849e-002	-9.150614e-001
4.672657916525007e-002	-8.891572e-001
4.673862469075164e-002	-8.637022e-001
4.675067021625323e-002	-8.386964e-001
4.682879521625322e-002	-6.835558e-001
4.690692021625322e-002	-5.413378e-001
4.698504521625322e-002	-4.131668e-001
4.706317021625322e-002	-2.983248e-001
4.714129521625322e-002	-1.960905e-001
4.721942021625322e-002	-1.057440e-001
4.729754521625321e-002	-2.656971e-002
4.737567021625321e-002	4.213977e-002
4.745379521625321e-002	1.010810e-001
4.753192021625321e-002	1.509370e-001
4.761004521625321e-002	1.923749e-001
4.768817021625321e-002	2.260441e-001
4.776629521625320e-002	2.525744e-001
4.784442021625320e-002	2.725746e-001
4.792254521625320e-002	2.866314e-001
4.800067021625320e-002	2.953080e-001
4.807879521625320e-002	2.991439e-001
4.815692021625320e-002	2.986535e-001
4.823504521625319e-002	2.943267e-001
4.831317021625319e-002	2.866275e-001
4.839129521625319e-002	2.759948e-001
4.846942021625319e-002	2.628421e-001
4.854754521625319e-002	2.475572e-001
4.862567021625319e-002	2.305031e-001
4.870379521625318e-002	2.120181e-001
4.878192021625318e-002	1.924161e-001
4.886004521625318e-002	1.719872e-001
4.893817021625318e-002	1.509985e-001
4.901629521625318e-002	1.296944e-001
4.909442021625318e-002	1.082975e-001
4.917254521625317e-002	8.700933e-002
4.925067021625317e-002	6.601121e-002
4.932879521625317e-002	4.546489e-002
4.940692021625317e-002	2.551355e-002
4.948504521625317e-002	6.282588e-003
4.956317021625317e-002	-1.211944e-002
4.964129521625316e-002	-2.959999e-002
4.971942021625316e-002	-4.608158e-002
4.979754521625316e-002	-6.150093e-002
4.987567021625316e-002	-7.580806e-002
4.995379521625316e-002	-8.896542e-002
5.003192021625316e-002	-1.009470e-001
5.011004521625315e-002	-1.117374e-001
5.018817021625315e-002	-1.213313e-001
5.026629521625315e-002	-1.297320e-001
5.034442021625315e-002	-1.369515e-001
5.042254521625315e-002	-1.430090e-001
5.050067021625315e-002	-1.479303e-001
5.057879521625314e-002	-1.517474e-001
5.065692021625314e-002	-1.544975e-001
5.073504521625314e-002	-1.562223e-001
5.081317021625314e-002	-1.569676e-001
5.089129521625314e-002	-1.567826e-001
5.096942021625314e-002	-1.557192e-001
5.104754521625313e-002	-1.538315e-001
5.112567021625313e-002	-1.511756e-001
5.120379521625313e-002	-1.478085e-001
5.128192021625313e-002	-1.437884e-001
5.136004521625313e-002	-1.391735e-001
5.143817021625313e-002	-1.340222e-001
5.151629521625312e-002	-1.283926e-001
5.159442021625312e-002	-1.223421e-001
5.167254521625312e-002	-1.159269e-001
5.175067021625312e-002	-1.092022e-001
5.182879521625312e-002	-1.022216e-001
5.190692021625312e-002	-9.503698e-002
5.198504521625311e-002	-8.769841e-002
5.206317021625311e-002	-8.025379e-002
5.214129521625311e-002	-7.274885e-002
5.221942021625311e-002	-6.522700e-002
5.229754521625311e-002	-5.772921e-002
5.237567021625311e-002	-5.029396e-002
5.245379521625310e-002	-4.295715e-002
5.253192021625310e-002	-3.575211e-002
5.261004521625310e-002	-2.870952e-002
5.268817021625310e-002	-2.185745e-002
5.276629521625310e-002	-1.522133e-002
5.284442021625310e-002	-8.824029e-003
5.292254521625309e-002	-2.685812e-003
5.300067021625309e-002	3.175547e-003
5.307879521625309e-002	8.744739e-003
5.315692021625309e-002	1.400885e-002
5.325387500000000e-002	2.017393e-002
5.333200000000000e-002	2.473024e-002
5.333200000100000e-002	2.693302e-002
5.333200037547951e-002	2.693875e-002
5.333200074995902e-002	2.695324e-002
5.333200112443853e-002	2.697649e-002
5.333200149891804e-002	2.700851e-002
5.333200187339755e-002	2.704929e-002
5.333200224787706e-002	2.709883e-002
5.333200262235657e-002	2.715714e-002
5.333200471701669e-002	2.760766e-002
5.333200761233480e-002	2.861403e-002
5.333201177886712e-002	3.082647e-002
5.333201684755227e-002	3.488361e-002
5.333202397729807e-002	4.360112e-002
5.333203368416556e-002	6.192516e-002
5.333204608660947e-002	9.761272e-002
5.333206083670458e-002	1.588878e-001
5.333207685665381e-002	2.477040e-001
5.333209433834164e-002	3.655612e-001
5.333211048319968e-002	4.866755e-001
5.333212617665281e-002	6.078170e-001
5.333214291088237e-002	7.313359e-001
5.333215980785772e-002	8.412683e-001
5.333217984168114e-002	9.489442e-001
5.333219176649209e-002	9.984482e-001
5.333220400541163e-002	1.034774e+000
5.333221785140102e-002	1.062358e+000
5.333223167486093e-002	1.077720e+000
5.333224660502917e-002	1.083340e+000
5.333226167827465e-002	1.080858e+000
5.333227769385449e-002	1.072612e+000
5.333229390576817e-002	1.061522e+000
5.333231061507576e-002	1.049619e+000
5.333232642395314e-002	1.039482e+000
5.333234301640208e-002	1.030903e+000
5.333235923608142e-002	1.024766e+000
5.333237394917111e-002	1.021131e+000
5.333238894568620e-002	1.019068e+000
5.333240384953145e-002	1.018268e+000
5.333241968803897e-002	1.018373e+000
5.333243559611433e-002	1.019072e+000
5.333245184050747e-002	1.020085e+000
5.333246691968534e-002	1.021079e+000
5.333248251020870e-002	1.022014e+000
5.333249808641267e-002	1.022774e+000
5.333251431084517e-002	1.023345e+000
5.333253185500241e-002	1.023717e+000
5.333255318073612e-002	1.023895e+000
5.333258132332297e-002	1.023850e+000
5.333261377527984e-002	1.023624e+000
5.333264303883472e-002	1.023389e+000
5.333275398899522e-002	1.022935e+000
5.334642308768652e-002	9.915635e-001
5.336009218637782e-002	9.607475e-001
5.337376128506912e-002	9.304870e-001
5.338743038376041e-002	9.007819e-001
5.340109948245171e-002	8.716323e-001
5.341476858114301e-002	8.430382e-001
5.342843767983431e-002	8.149995e-001
5.350656267983431e-002	6.617363e-001
5.358468767983431e-002	5.216075e-001
5.366281267983430e-002	3.954216e-001
5.374093767983430e-002	2.824597e-001
5.381906267983430e-002	1.820007e-001
5.389718767983430e-002	9.332494e-002
5.397531267983430e-002	1.571788e-002
5.405343767983430e-002	-5.152651e-002
5.413156267983429e-002	-1.091030e-001
5.420968767983429e-002	-1.576923e-001
5.428781267983429e-002	-1.979592e-001
5.436593767983429e-002	-2.305504e-001
5.444406267983429e-002	-2.560927e-001
5.452218767983429e-002	-2.751916e-001
5.460031267983428e-002	-2.884306e-001
5.467843767983428e-002	-2.963695e-001
5.475656267983428e-002	-2.995440e-001
5.483468767983428e-002	-2.984652e-001
5.491281267983428e-002	-2.936190e-001
5.499093767983428e-002	-2.854661e-001
5.506906267983427e-002	-2.744414e-001
5.514718767983427e-002	-2.609546e-001
5.522531267983427e-002	-2.453901e-001
5.530343767983427e-002	-2.281072e-001
5.538156267983427e-002	-2.094406e-001
5.545968767983427e-002	-1.897007e-001
5.553781267983426e-002	-1.691742e-001
5.561593767983426e-002	-1.481249e-001
5.569406267983426e-002	-1.267940e-001
5.577218767983426e-002	-1.054009e-001
5.585031267983426e-002	-8.414418e-002
5.592843767983426e-002	-6.320226e-002
5.600656267983425e-002	-4.273415e-002
5.608468767983425e-002	-2.288035e-002
5.616281267983425e-002	-3.763789e-003
5.624093767983425e-002	1.450939e-002
5.631906267983425e-002	3.184889e-002
5.639718767983425e-002	4.817933e-002
5.647531267983424e-002	6.343945e-002
5.655343767983424e-002	7.758112e-002
5.663156267983424e-002	9.056852e-002
5.670968767983424e-002	1.023772e-001
5.678781267983424e-002	1.129934e-001
5.686593767983424e-002	1.224130e-001
5.694406267983423e-002	1.306408e-001
5.702218767983423e-002	1.376896e-001
5.710031267983423e-002	1.435797e-001
5.717843767983423e-002	1.483380e-001
5.725656267983423e-002	1.519971e-001
5.733468767983423e-002	1.545951e-001
5.741281267983422e-002	1.561742e-001
5.749093767983422e-002	1.567807e-001
5.756906267983422e-002	1.564644e-001
5.764718767983422e-002	1.552774e-001
5.772531267983422e-002	1.532742e-001
5.780343767983422e-002	1.505110e-001
5.788156267983421e-002	1.470451e-001
5.795968767983421e-002	1.429346e-001
5.803781267983421e-002	1.382378e-001
5.811593767983421e-002	1.330132e-001
5.819406267983421e-002	1.273186e-001
5.827218767983421e-002	1.212113e-001
5.835031267983420e-002	1.147475e-001
5.842843767983420e-002	1.079822e-001
5.850656267983420e-002	1.009685e-001
5.858468767983420e-002	9.375836e-002
5.866281267983420e-002	8.640131e-002
5.874093767983420e-002	7.894501e-002
5.881906267983419e-002	7.143487e-002
5.889718767983419e-002	6.391393e-002
5.897531267983419e-002	5.642283e-002
5.905343767983419e-002	4.899965e-002
5.913156267983419e-002	4.167994e-002
5.920968767983419e-002	3.449664e-002
5.928781267983418e-002	2.748004e-002
5.936593767983418e-002	2.065783e-002
5.944406267983418e-002	1.405507e-002
5.952218767983418e-002	7.694240e-003
5.960031267983418e-002	1.595246e-003
5.967843767983418e-002	-4.224505e-003
5.975656267983417e-002	-9.750055e-003
5.983468767983417e-002	-1.496883e-002
5.992047500100000e-002	-2.041396e-002
5.999860000100000e-002	-2.496166e-002
5.999860000200000e-002	-2.716443e-002
5.999860037647951e-002	-2.717015e-002
5.999860075095902e-002	-2.718467e-002
5.999860112543853e-002	-2.720797e-002
5.999860149991804e-002	-2.724006e-002
5.999860187439755e-002	-2.728094e-002
5.999860224887706e-002	-2.733061e-002
5.999860262335657e-002	-2.738906e-002
5.999860471790579e-002	-2.784077e-002
5.999860761329020e-002	-2.885066e-002
5.999861179537070e-002	-3.107936e-002
5.999861685243171e-002	-3.514373e-002
5.999862399050050e-002	-4.391144e-002
5.999863369910922e-002	-6.232821e-002
5.999864609578069e-002	-9.818248e-002
5.999866083489237e-002	-1.597300e-001
5.999867683921435e-002	-2.489170e-001
5.999869430379788e-002	-3.672534e-001
5.999871041174700e-002	-4.886819e-001
5.999872605660725e-002	-6.100123e-001
5.999874272671227e-002	-7.335874e-001
5.999875956958258e-002	-8.435677e-001
5.999877954090627e-002	-9.512191e-001
5.999879135757358e-002	-1.000362e+000
5.999880353868073e-002	-1.036498e+000
5.999881742643758e-002	-1.064048e+000
5.999883121855629e-002	-1.079159e+000
5.999884617417765e-002	-1.084474e+000
5.999886119235769e-002	-1.081671e+000
5.999887719369275e-002	-1.073102e+000
5.999889333095155e-002	-1.061789e+000
5.999891003937626e-002	-1.049677e+000
5.999892581260693e-002	-1.039438e+000
5.999894237703087e-002	-1.030811e+000
5.999895853139695e-002	-1.024693e+000
5.999897333434101e-002	-1.021067e+000
5.999898829924651e-002	-1.019064e+000
5.999900330590600e-002	-1.018327e+000
5.999901911383682e-002	-1.018501e+000
5.999903505433521e-002	-1.019264e+000
5.999905130567571e-002	-1.020325e+000
5.999906638859780e-002	-1.021349e+000
5.999908205488094e-002	-1.022305e+000
5.999909763892687e-002	-1.023069e+000
5.999911390627990e-002	-1.023637e+000
5.999913138902449e-002	-1.023996e+000
5.999915290477776e-002	-1.024157e+000
5.999918166494692e-002	-1.024090e+000
5.999921298549438e-002	-1.023857e+000
5.999924172784089e-002	-1.023619e+000
5.999935153774148e-002	-1.023170e+000
6.001139696767878e-002	-9.954694e-001
6.002344239761608e-002	-9.682178e-001
6.003548782755338e-002	-9.414154e-001
6.004753325749068e-002	-9.150622e-001
6.005957868742799e-002	-8.891582e-001
6.007162411736528e-002	-8.637034e-001
6.008366954730258e-002	-8.386979e-001
6.016179454730258e-002	-6.835572e-001
6.023991954730258e-002	-5.413390e-001
6.031804454730258e-002	-4.131679e-001
6.039616954730258e-002	-2.983257e-001
6.047429454730258e-002	-1.960913e-001
6.055241954730257e-002	-1.057447e-001
6.063054454730257e-002	-2.657034e-002
6.070866954730257e-002	4.213922e-002
6.078679454730257e-002	1.010805e-001
6.086491954730257e-002	1.509366e-001
6.094304454730257e-002	1.923745e-001
6.102116954730256e-002	2.260438e-001
6.109929454730256e-002	2.525742e-001
6.117741954730256e-002	2.725745e-001
6.125554454730256e-002	2.866313e-001
6.133366954730256e-002	2.953080e-001
6.141179454730256e-002	2.991438e-001
6.148991954730255e-002	2.986535e-001
6.156804454730255e-002	2.943267e-001
6.164616954730255e-002	2.866276e-001
6.172429454730255e-002	2.759950e-001
6.180241954730255e-002	2.628422e-001
6.188054454730255e-002	2.475573e-001
6.195866954730255e-002	2.305033e-001
6.203679454730254e-002	2.120183e-001
6.211491954730254e-002	1.924162e-001
6.219304454730254e-002	1.719874e-001
6.227116954730254e-002	1.509987e-001
6.234929454730254e-002	1.296946e-001
6.242741954730254e-002	1.082976e-001
6.250554454730253e-002	8.700950e-002
6.258366954730253e-002	6.601138e-002
6.266179454730253e-002	4.546506e-002
6.273991954730253e-002	2.551371e-002
6.281804454730253e-002	6.282750e-003
6.289616954730253e-002	-1.211929e-002
6.297429454730252e-002	-2.959985e-002
6.305241954730252e-002	-4.608144e-002
6.313054454730252e-002	-6.150080e-002
6.320866954730252e-002	-7.580794e-002
6.328679454730252e-002	-8.896530e-002
6.336491954730252e-002	-1.009469e-001
6.344304454730251e-002	-1.117373e-001
6.352116954730251e-002	-1.213312e-001
6.359929454730251e-002	-1.297320e-001
6.367741954730251e-002	-1.369515e-001
6.375554454730251e-002	-1.430089e-001
6.383366954730251e-002	-1.479303e-001
6.391179454730250e-002	-1.517474e-001
6.398991954730250e-002	-1.544975e-001
6.406804454730250e-002	-1.562223e-001
6.414616954730250e-002	-1.569676e-001
6.422429454730250e-002	-1.567826e-001
6.430241954730250e-002	-1.557192e-001
6.438054454730249e-002	-1.538315e-001
6.445866954730249e-002	-1.511756e-001
6.453679454730249e-002	-1.478086e-001
6.461491954730249e-002	-1.437884e-001
6.469304454730249e-002	-1.391735e-001
6.477116954730249e-002	-1.340223e-001
6.484929454730248e-002	-1.283927e-001
6.492741954730248e-002	-1.223421e-001
6.500554454730248e-002	-1.159269e-001
6.508366954730248e-002	-1.092022e-001
6.516179454730248e-002	-1.022216e-001
6.523991954730248e-002	-9.503705e-002
6.531804454730247e-002	-8.769847e-002
6.539616954730247e-002	-8.025385e-002
6.547429454730247e-002	-7.274892e-002
6.555241954730247e-002	-6.522707e-002
6.563054454730247e-002	-5.772928e-002
6.570866954730247e-002	-5.029402e-002
6.578679454730246e-002	-4.295722e-002
6.586491954730246e-002	-3.575217e-002
6.594304454730246e-002	-2.870958e-002
6.602116954730246e-002	-2.185751e-002
6.609929454730246e-002	-1.522139e-002
6.617741954730246e-002	-8.824082e-003
6.625554454730245e-002	-2.685864e-003
6.633366954730245e-002	3.175498e-003
6.641179454730245e-002	8.744692e-003
6.648991954730245e-002	1.400880e-002
6.658687499999999e-002	2.017393e-002
6.662146783296921e-002	2.223604e-002
6.665606066593842e-002	2.422665e-002
6.669065349890764e-002	2.614575e-002
6.672524633187686e-002	2.799334e-002
6.675983916484608e-002	2.976942e-002
6.679443199781529e-002	3.147400e-002
6.682902483078451e-002	3.310707e-002
6.690714983078451e-002	3.661492e-002
6.698527483078451e-002	3.978599e-002
6.706339983078451e-002	4.262222e-002
6.714152483078451e-002	4.512712e-002
6.721964983078450e-002	4.730568e-002
6.729777483078450e-002	4.916427e-002
6.737589983078450e-002	5.071050e-002
6.745402483078450e-002	5.195312e-002
6.753214983078450e-002	5.290194e-002
6.761027483078450e-002	5.356766e-002
6.768839983078449e-002	5.396180e-002
6.776652483078449e-002	5.409661e-002
6.784464983078449e-002	5.398492e-002
6.792277483078449e-002	5.364008e-002
6.800089983078449e-002	5.307586e-002
6.807902483078449e-002	5.230632e-002
6.815714983078448e-002	5.134580e-002
6.823527483078448e-002	5.020872e-002
6.831339983078448e-002	4.890963e-002
6.839152483078448e-002	4.746302e-002
6.846964983078448e-002	4.588334e-002
6.854777483078448e-002	4.418486e-002
6.862589983078447e-002	4.238166e-002
6.870402483078447e-002	4.048755e-002
6.878214983078447e-002	3.851603e-002
6.886027483078447e-002	3.648021e-002
6.893839983078447e-002	3.439282e-002
6.901652483078447e-002	3.226611e-002
6.909464983078446e-002	3.011188e-002
6.917277483078446e-002	2.794140e-002
6.925089983078446e-002	2.576541e-002
6.932902483078446e-002	2.359407e-002
6.940714983078446e-002	2.143698e-002
6.948527483078446e-002	1.930316e-002
6.956339983078445e-002	1.720101e-002
6.964152483078445e-002	1.513833e-002
6.971964983078445e-002	1.312231e-002
6.979777483078445e-002	1.115952e-002
6.987589983078445e-002	9.255942e-003
6.995402483078445e-002	7.416938e-003
7.003214983078444e-002	5.647284e-003
7.011027483078444e-002	3.951170e-003
7.018839983078444e-002	2.332216e-003
7.026652483078444e-002	7.934879e-004
7.034464983078444e-002	-6.624900e-004
7.042277483078444e-002	-2.033713e-003
7.050089983078443e-002	-3.318678e-003
7.057902483078443e-002	-4.516363e-003
7.065714983078443e-002	-5.626203e-003
7.073527483078443e-002	-6.648068e-003
7.081339983078443e-002	-7.582241e-003
7.089152483078443e-002	-8.429392e-003
7.096964983078442e-002	-9.190554e-003
7.104777483078442e-002	-9.867094e-003
7.112589983078442e-002	-1.046070e-002
7.120402483078442e-002	-1.097332e-002
7.128214983078442e-002	-1.140721e-002
7.136027483078442e-002	-1.176483e-002
7.143839983078441e-002	-1.204884e-002
7.151652483078441e-002	-1.226213e-002
7.159464983078441e-002	-1.240771e-002
7.167277483078441e-002	-1.248875e-002
7.182902483078441e-002	-1.247049e-002
7.190714983078440e-002	-1.237803e-002
7.198527483078440e-002	-1.223467e-002
7.206339983078440e-002	-1.204397e-002
7.214152483078440e-002	-1.180948e-002
7.221964983078440e-002	-1.153479e-002
7.229777483078440e-002	-1.122342e-002
7.237589983078439e-002	-1.087890e-002
7.245402483078439e-002	-1.050470e-002
7.253214983078439e-002	-1.010423e-002
7.261027483078439e-002	-9.680811e-003
7.268839983078439e-002	-9.237705e-003
7.276652483078439e-002	-8.778068e-003
7.284464983078438e-002	-8.304955e-003
7.292277483078438e-002	-7.821307e-003
7.300089983078438e-002	-7.329948e-003
7.307902483078438e-002	-6.833578e-003
7.315714983078438e-002	-6.334763e-003
7.323527483078438e-002	-5.835939e-003
7.331339983078437e-002	-5.339398e-003
7.339152483078437e-002	-4.847295e-003
7.346964983078437e-002	-4.361639e-003
7.354777483078437e-002	-3.884298e-003
7.362589983078437e-002	-3.416991e-003
7.370402483078437e-002	-2.961297e-003
7.386027483078436e-002	-2.090334e-003
7.401652483078436e-002	-1.281190e-003
7.417277483078436e-002	-5.414492e-004
7.432902483078435e-002	1.233834e-004
7.448527483078435e-002	7.097564e-004
7.464152483078435e-002	1.215916e-003
7.479777483078434e-002	1.641741e-003
7.495402483078434e-002	1.988560e-003
7.511027483078434e-002	2.258970e-003
7.526652483078433e-002	2.456647e-003
7.542277483078433e-002	2.586161e-003
7.557902483078433e-002	2.652796e-003
7.581339983078432e-002	2.647689e-003
7.596964983078432e-002	2.583369e-003
7.612589983078431e-002	2.477853e-003
7.628214983078431e-002	2.337632e-003
7.643839983078431e-002	2.169098e-003
7.659464983078430e-002	1.978438e-003
7.675089983078430e-002	1.771545e-003
7.690714983078430e-002	1.553948e-003
7.706339983078429e-002	1.330750e-003
7.721964983078429e-002	1.106586e-003
7.737589983078429e-002	8.855928e-004
7.753214983078428e-002	6.713861e-004
7.776652483078428e-002	3.694219e-004
7.800089983078427e-002	9.780603e-005
7.823527483078427e-002	-1.377475e-004
7.846964983078426e-002	-3.338674e-004
7.862589983078426e-002	-4.400701e-004
7.878214983078426e-002	-5.299360e-004
7.893839983078425e-002	-6.034650e-004
7.909464983078425e-002	-6.606573e-004
7.925089983078425e-002	-7.015127e-004
7.940714983078424e-002	-7.260312e-004
7.956339983078424e-002	-7.342130e-004
7.995402483078423e-002	-7.096749e-004
8.000000000000000e-002	-7.030254e-004
