time	V(vout)
0.000000000000000e+000	-1.093862e-004
1.784729647641982e-007	-9.730603e-005
3.569459295283964e-007	-8.407289e-005
5.354188942925946e-007	-6.968675e-005
7.138918590567929e-007	-5.414762e-005
8.923648238209911e-007	-3.745549e-005
1.070837788585189e-006	-1.961036e-005
1.249310753349387e-006	-6.122397e-007
1.356115231220223e-005	1.129535e-003
2.587299387105508e-005	2.225068e-003
3.818483542990792e-005	3.285986e-003
5.049667698876077e-005	4.312290e-003
6.280851854761362e-005	5.303979e-003
7.512036010646647e-005	6.261054e-003
8.743220166531929e-005	7.183514e-003
1.409417348867890e-004	1.086705e-002
2.172474383634576e-004	1.519014e-002
3.119377424026153e-004	1.918951e-002
4.363127925537857e-004	2.244375e-002
5.863278900890551e-004	2.387855e-002
7.743297638440391e-004	2.270333e-002
9.986768135503447e-004	1.842695e-002
1.215815696828745e-003	1.239369e-002
1.458212521055347e-003	4.659417e-003
1.722300767157377e-003	-3.625787e-003
2.032817519584320e-003	-1.190251e-002
2.409590612303766e-003	-1.905472e-002
2.749494775216276e-003	-2.258684e-002
2.998717474049922e-003	-2.317350e-002
3.248871965097759e-003	-2.217260e-002
3.500234158108278e-003	-1.994370e-002
3.830784136922049e-003	-1.577496e-002
4.221409136922049e-003	-1.000523e-002
4.612034136922049e-003	-4.103107e-003
5.002659136922050e-003	1.223582e-003
5.393284136922050e-003	5.472986e-003
5.770774929839619e-003	8.287451e-003
6.161399929839619e-003	9.822331e-003
6.552024929839619e-003	1.010703e-002
6.942649929839620e-003	9.369260e-003
7.333274929839620e-003	7.906523e-003
7.723899929839620e-003	6.026403e-003
8.114524929839620e-003	4.010000e-003
8.505149929839620e-003	2.087679e-003
8.895774929839621e-003	4.265296e-004
9.286399929839621e-003	-8.721384e-004
9.677024929839621e-003	-1.767611e-003
1.006764992983962e-002	-2.269409e-003
1.045827492983962e-002	-2.424193e-003
1.084889992983962e-002	-2.309132e-003
1.117157406227476e-002	-2.058128e-003
1.149457895111303e-002	-1.710039e-003
1.184817836692998e-002	-1.280834e-003
1.223880336692998e-002	-8.044242e-004
1.262942836692998e-002	-3.697401e-004
1.302005336692998e-002	-9.242467e-006
1.341067836692998e-002	2.596355e-004
1.380130336692998e-002	4.330194e-004
1.419192836692998e-002	5.176059e-004
1.458255336692998e-002	5.273491e-004
1.497317836692998e-002	4.802385e-004
1.536380336692998e-002	3.954739e-004
1.575442836692998e-002	2.912233e-004
1.614505336692998e-002	1.830455e-004
1.653567836692998e-002	8.297271e-005
1.692630336692998e-002	-2.635883e-006
1.718724314977986e-002	-4.826263e-005
1.775662685873777e-002	-1.104190e-004
1.866595683933304e-002	-1.251726e-004
1.929730152903154e-002	-9.627514e-005
2.004760510529646e-002	-4.904212e-005
2.082885510529646e-002	-6.425572e-006
2.200073010529646e-002	2.215992e-005
2.317260510529645e-002	1.351574e-005
2.434448010529645e-002	-8.182587e-006
2.551635510529644e-002	-2.501397e-005
2.668823010529644e-002	-3.331223e-005
2.786010510529643e-002	-3.773337e-005
2.903198010529643e-002	-4.334240e-005
3.020385510529643e-002	-5.201636e-005
3.137573010529642e-002	-6.299865e-005
3.254760510529642e-002	-7.483709e-005
3.332885510529642e-002	-8.273376e-005
3.450073010529641e-002	-9.440183e-005
3.567260510529641e-002	-1.059739e-004
3.684448010529640e-002	-1.175924e-004
3.801635510529640e-002	-1.292315e-004
3.918823010529639e-002	-1.407197e-004
4.036010510529639e-002	-1.518454e-004
4.153198010529639e-002	-1.624305e-004
4.270385510529638e-002	-1.723431e-004
4.387573010529638e-002	-1.814783e-004
4.504760510529637e-002	-1.897379e-004
4.621948010529637e-002	-1.970250e-004
4.739135510529637e-002	-2.032480e-004
4.856323010529636e-002	-2.083274e-004
4.973510510529636e-002	-2.121995e-004
5.090698010529635e-002	-2.148176e-004
5.207885510529635e-002	-2.161506e-004
5.325073010529634e-002	-2.161828e-004
5.442260510529634e-002	-2.149138e-004
5.559448010529634e-002	-2.123591e-004
5.676635510529633e-002	-2.085496e-004
5.793823010529633e-002	-2.035315e-004
5.911010510529632e-002	-1.973661e-004
6.028198010529632e-002	-1.901285e-004
6.145385510529632e-002	-1.819071e-004
6.262573010529632e-002	-1.728019e-004
6.379760510529633e-002	-1.629240e-004
6.496948010529635e-002	-1.523936e-004
6.614135510529637e-002	-1.413392e-004
6.731323010529638e-002	-1.298953e-004
6.848510510529640e-002	-1.182015e-004
6.965698010529642e-002	-1.064003e-004
7.082885510529643e-002	-9.463553e-005
7.200073010529645e-002	-8.305048e-005
7.317260510529647e-002	-7.178635e-005
7.434448010529648e-002	-6.098041e-005
7.551635510529650e-002	-5.076435e-005
7.668823010529652e-002	-4.126266e-005
7.786010510529653e-002	-3.259112e-005
7.903198010529655e-002	-2.485542e-005
8.020385510529657e-002	-1.814981e-005
8.137573010529658e-002	-1.255601e-005
8.254760510529660e-002	-8.142189e-006
8.371948010529662e-002	-4.962139e-006
8.489135510529663e-002	-3.054606e-006
8.606323010529665e-002	-2.442829e-006
8.723510510529667e-002	-3.134272e-006
8.840698010529668e-002	-5.120510e-006
8.957885510529670e-002	-8.377332e-006
9.075073010529672e-002	-1.286506e-005
9.192260510529673e-002	-1.852899e-005
9.309448010529675e-002	-2.530012e-005
9.426635510529677e-002	-3.309593e-005
9.543823010529678e-002	-4.182141e-005
9.661010510529680e-002	-5.137024e-005
9.778198010529682e-002	-6.162606e-005
9.895385510529683e-002	-7.246388e-005
1.001257301052969e-001	-8.375164e-005
1.012976051052969e-001	-9.535178e-005
1.024694801052969e-001	-1.071229e-004
1.036413551052969e-001	-1.189217e-004
1.048132301052969e-001	-1.306043e-004
1.059851051052969e-001	-1.420282e-004
1.071569801052970e-001	-1.530544e-004
1.083288551052970e-001	-1.635485e-004
1.095007301052970e-001	-1.733825e-004
1.106726051052970e-001	-1.824367e-004
1.118444801052970e-001	-1.906007e-004
1.130163551052970e-001	-1.977750e-004
1.141882301052971e-001	-2.038721e-004
1.153601051052971e-001	-2.088179e-004
1.165319801052971e-001	-2.125520e-004
1.177038551052971e-001	-2.150289e-004
1.188757301052971e-001	-2.162184e-004
1.200476051052971e-001	-2.161061e-004
1.212194801052972e-001	-2.146933e-004
1.223913551052972e-001	-2.119972e-004
1.235632301052972e-001	-2.080506e-004
1.247351051052972e-001	-2.029018e-004
1.259069801052972e-001	-1.966133e-004
1.270788551052972e-001	-1.892619e-004
1.282507301052973e-001	-1.809371e-004
1.294226051052973e-001	-1.717404e-004
1.305944801052973e-001	-1.617839e-004
1.317663551052973e-001	-1.511888e-004
1.329382301052973e-001	-1.400843e-004
1.337194801052973e-001	-1.324649e-004
1.348913551052973e-001	-1.208145e-004
1.360632301052974e-001	-1.090248e-004
1.372351051052974e-001	-9.723943e-005
1.384069801052974e-001	-8.560212e-005
1.395788551052974e-001	-7.425465e-005
1.407507301052974e-001	-6.333529e-005
1.419226051052974e-001	-5.297711e-005
1.430944801052975e-001	-4.330633e-005
1.442663551052975e-001	-3.444080e-005
1.454382301052975e-001	-2.648857e-005
1.466101051052975e-001	-1.954653e-005
1.477819801052975e-001	-1.369928e-005
1.489538551052975e-001	-9.018084e-006
1.501257301052976e-001	-5.559969e-006
1.512976051052976e-001	-3.367091e-006
1.524694801052976e-001	-2.466168e-006
1.536413551052976e-001	-2.868178e-006
1.548132301052976e-001	-4.568225e-006
1.559851051052976e-001	-7.545586e-006
1.571569801052977e-001	-1.176398e-005
1.583288551052977e-001	-1.717201e-005
1.595007301052977e-001	-2.370376e-005
1.606726051052977e-001	-3.127965e-005
1.618444801052977e-001	-3.980735e-005
1.630163551052977e-001	-4.918293e-005
1.641882301052978e-001	-5.929216e-005
1.653601051052978e-001	-7.001184e-005
1.665319801052978e-001	-8.121134e-005
1.677038551052978e-001	-9.275417e-005
1.688757301052978e-001	-1.044997e-004
1.700476051052978e-001	-1.163047e-004
1.712194801052979e-001	-1.280255e-004
1.723913551052979e-001	-1.395191e-004
1.735632301052979e-001	-1.506455e-004
1.747351051052979e-001	-1.612691e-004
1.759069801052979e-001	-1.712605e-004
1.770788551052979e-001	-1.804979e-004
1.782507301052980e-001	-1.888687e-004
1.794226051052980e-001	-1.962709e-004
1.805944801052980e-001	-2.026143e-004
1.817663551052980e-001	-2.078217e-004
1.829382301052980e-001	-2.118295e-004
1.841101051052980e-001	-2.145889e-004
1.852819801052981e-001	-2.160663e-004
1.864538551052981e-001	-2.162437e-004
1.876257301052981e-001	-2.151190e-004
1.887976051052981e-001	-2.127058e-004
1.899694801052981e-001	-2.090335e-004
1.911413551052981e-001	-2.041469e-004
1.923132301052982e-001	-1.981055e-004
1.934851051052982e-001	-1.909830e-004
1.946569801052982e-001	-1.828662e-004
1.958288551052982e-001	-1.738539e-004
1.970007301052982e-001	-1.640560e-004
1.981726051052982e-001	-1.535920e-004
1.993444801052983e-001	-1.425892e-004
2.005163551052983e-001	-1.311818e-004
2.016882301052983e-001	-1.195088e-004
2.028601051052983e-001	-1.077124e-004
2.040319801052983e-001	-9.593647e-005
2.052038551052983e-001	-8.432441e-005
2.063757301052984e-001	-7.301776e-005
2.075476051052984e-001	-6.215429e-005
2.087194801052984e-001	-5.186640e-005
2.098913551052984e-001	-4.227944e-005
2.110632301052984e-001	-3.351025e-005
2.122351051052984e-001	-2.566569e-005
2.134069801052985e-001	-1.884135e-005
2.145788551052985e-001	-1.312040e-005
2.157507301052985e-001	-8.572548e-006
2.169226051052985e-001	-5.253216e-006
2.180944801052985e-001	-3.202848e-006
2.192663551052985e-001	-2.446446e-006
2.204382301052986e-001	-2.993218e-006
2.216101051052986e-001	-4.836495e-006
2.227819801052986e-001	-7.953824e-006
2.239538551052986e-001	-1.230721e-005
2.251257301052986e-001	-1.784361e-005
2.262976051052986e-001	-2.449555e-005
2.274694801052987e-001	-3.218198e-005
2.286413551052987e-001	-4.080922e-005
2.298132301052987e-001	-5.027213e-005
2.309851051052987e-001	-6.045543e-005
2.321569801052987e-001	-7.123499e-005
2.333288551052987e-001	-8.247946e-005
2.345007301052988e-001	-9.405182e-005
2.356726051052988e-001	-1.058111e-004
2.368444801052988e-001	-1.176138e-004
2.380163551052988e-001	-1.293164e-004
2.391882301052988e-001	-1.407760e-004
2.403601051052988e-001	-1.518532e-004
2.415319801052989e-001	-1.624128e-004
2.427038551052989e-001	-1.723263e-004
2.438757301052989e-001	-1.814727e-004
2.450476051052989e-001	-1.897407e-004
2.462194801052989e-001	-1.970295e-004
2.473913551052989e-001	-2.032503e-004
2.485632301052990e-001	-2.083272e-004
2.497351051052990e-001	-2.121985e-004
2.509069801052989e-001	-2.148168e-004
2.520788551052989e-001	-2.161504e-004
2.532507301052988e-001	-2.161830e-004
2.544226051052987e-001	-2.149141e-004
2.555944801052987e-001	-2.123592e-004
2.567663551052986e-001	-2.085495e-004
2.579382301052985e-001	-2.035314e-004
2.591101051052985e-001	-1.973661e-004
2.602819801052984e-001	-1.901285e-004
2.614538551052983e-001	-1.819071e-004
2.626257301052983e-001	-1.728020e-004
2.637976051052982e-001	-1.629240e-004
2.649694801052981e-001	-1.523936e-004
2.661413551052981e-001	-1.413392e-004
2.673132301052980e-001	-1.298953e-004
2.684851051052979e-001	-1.182015e-004
2.696569801052979e-001	-1.064003e-004
2.708288551052978e-001	-9.463554e-005
2.720007301052977e-001	-8.305047e-005
2.731726051052977e-001	-7.178634e-005
2.743444801052976e-001	-6.098041e-005
2.755163551052975e-001	-5.076435e-005
2.766882301052975e-001	-4.126266e-005
2.778601051052974e-001	-3.259112e-005
2.790319801052973e-001	-2.485542e-005
2.802038551052973e-001	-1.814981e-005
2.813757301052972e-001	-1.255601e-005
2.825476051052971e-001	-8.142192e-006
2.837194801052971e-001	-4.962136e-006
2.848913551052970e-001	-3.054599e-006
2.860632301052969e-001	-2.442828e-006
2.872351051052969e-001	-3.134274e-006
2.884069801052968e-001	-5.120508e-006
2.895788551052967e-001	-8.377333e-006
2.907507301052967e-001	-1.286506e-005
2.919226051052966e-001	-1.852900e-005
2.930944801052965e-001	-2.530013e-005
2.942663551052965e-001	-3.309593e-005
2.954382301052964e-001	-4.182140e-005
2.966101051052963e-001	-5.137024e-005
2.977819801052963e-001	-6.162605e-005
2.989538551052962e-001	-7.246388e-005
3.001257301052961e-001	-8.375164e-005
3.012976051052961e-001	-9.535178e-005
3.024694801052960e-001	-1.071229e-004
3.036413551052959e-001	-1.189217e-004
3.048132301052959e-001	-1.306043e-004
3.059851051052958e-001	-1.420282e-004
3.071569801052957e-001	-1.530544e-004
3.083288551052957e-001	-1.635485e-004
3.095007301052956e-001	-1.733825e-004
3.106726051052955e-001	-1.824367e-004
3.118444801052955e-001	-1.906007e-004
3.130163551052954e-001	-1.977750e-004
3.141882301052953e-001	-2.038722e-004
3.153601051052953e-001	-2.088179e-004
3.165319801052952e-001	-2.125520e-004
3.177038551052951e-001	-2.150289e-004
3.188757301052951e-001	-2.162184e-004
3.200476051052950e-001	-2.161061e-004
3.212194801052949e-001	-2.146933e-004
3.223913551052949e-001	-2.119972e-004
3.235632301052948e-001	-2.080506e-004
3.247351051052947e-001	-2.029018e-004
3.259069801052947e-001	-1.966133e-004
3.270788551052946e-001	-1.892619e-004
3.282507301052945e-001	-1.809371e-004
3.294226051052945e-001	-1.717404e-004
3.305944801052944e-001	-1.617839e-004
3.317663551052943e-001	-1.511888e-004
3.329382301052943e-001	-1.400843e-004
3.333288551052943e-001	-3.677952e-003
3.334458076936742e-001	-8.946349e-003
3.335316231783739e-001	-1.440452e-002
3.336150991479225e-001	-1.825102e-002
3.337557107304774e-001	-2.235018e-002
3.338972620035068e-001	-2.402518e-002
3.340999727501677e-001	-2.301750e-002
3.343136863714927e-001	-1.903582e-002
3.346061973178088e-001	-1.081022e-002
3.349170408666837e-001	-9.147724e-004
3.351394385540816e-001	6.003256e-003
3.353330340170799e-001	1.133082e-002
3.355274405336563e-001	1.568746e-002
3.357695890277030e-001	1.961544e-002
3.360452905658694e-001	2.212992e-002
3.363572250427342e-001	2.274679e-002
3.366227649738512e-001	2.159088e-002
3.368898014161074e-001	1.905793e-002
3.372100935515962e-001	1.489881e-002
3.375437726281334e-001	9.912740e-003
3.377973142860850e-001	5.971765e-003
3.380125788112368e-001	2.718136e-003
3.382132483788569e-001	-1.040571e-004
3.384149020114305e-001	-2.644971e-003
3.386446373956414e-001	-5.106381e-003
3.389197146707985e-001	-7.421383e-003
3.392205866611747e-001	-9.155069e-003
3.395510505591584e-001	-1.012608e-002
3.399083974397948e-001	-1.020420e-002
3.402990224397948e-001	-9.400591e-003
3.406300090429824e-001	-8.180835e-003
3.408980901510735e-001	-6.927134e-003
3.411339852307161e-001	-5.716069e-003
3.413421770121114e-001	-4.619886e-003
3.415192323991971e-001	-3.696618e-003
3.416664177328927e-001	-2.951992e-003
3.418071632123456e-001	-2.267843e-003
3.419098601075589e-001	-1.791462e-003
3.420216509493905e-001	-1.297772e-003
3.421073695462736e-001	-9.377412e-004
3.421946669465583e-001	-5.920691e-004
3.423128445694215e-001	-1.552773e-004
3.424400499117329e-001	2.731153e-004
3.426078057956580e-001	7.682866e-004
3.428123418302732e-001	1.265518e-003
3.430804535520395e-001	1.751266e-003
3.433731607016772e-001	2.092084e-003
3.436375466005272e-001	2.235028e-003
3.439035343868472e-001	2.232078e-003
3.442048708037281e-001	2.089807e-003
3.445596402897447e-001	1.792407e-003
3.449502652897447e-001	1.369648e-003
3.453408902897447e-001	9.073882e-004
3.457315152897447e-001	4.593078e-004
3.461221402897446e-001	6.684345e-005
3.465127652897446e-001	-2.449178e-004
3.468963152327959e-001	-4.623863e-004
3.472617172326996e-001	-5.858049e-004
3.476523422326995e-001	-6.375495e-004
3.480429672326995e-001	-6.238665e-004
3.484335922326995e-001	-5.615279e-004
3.488242172326995e-001	-4.691511e-004
3.491951458912811e-001	-3.688377e-004
3.495857708912811e-001	-2.636793e-004
3.499763958912811e-001	-1.693932e-004
3.503670208912811e-001	-9.274357e-005
3.507576458912811e-001	-3.706135e-005
3.515388958912810e-001	1.217485e-005
3.522750166680290e-001	3.065319e-007
3.529005064234495e-001	-3.435170e-005
3.537059083183490e-001	-8.462014e-005
3.548372644048356e-001	-1.295228e-004
3.555627108334070e-001	-1.278534e-004
3.562881572619784e-001	-1.254805e-004
3.570136036905497e-001	-1.224041e-004
3.577390501191212e-001	-1.186242e-004
3.584644965476925e-001	-1.141408e-004
3.591899429762639e-001	-1.089539e-004
3.599153894048353e-001	-1.030635e-004
3.626497644048352e-001	-1.059342e-004
3.653841394048350e-001	-1.081493e-004
3.681185144048348e-001	-1.097088e-004
3.708528894048347e-001	-1.106126e-004
3.735872644048345e-001	-1.108609e-004
3.763216394048344e-001	-1.104535e-004
3.790560144048342e-001	-1.093905e-004
3.794466394048342e-001	-1.093906e-004
3.997591394048330e-001	-1.093851e-004
4.000000000000000e-001	-1.093833e-004
