time	V(vout)
0.000000000000000e+000	-1.093862e-004
5.714285679557311e-009	-1.095822e-004
1.142857135911462e-008	-1.089842e-004
1.714285703867193e-008	-1.075922e-004
2.285714271822924e-008	-1.054061e-004
2.857142839778655e-008	-1.024259e-004
3.428571407734386e-008	-9.865175e-005
3.999999975690116e-008	-9.408352e-005
6.892314390268137e-008	-4.311569e-005
1.033632784446763e-007	8.551577e-005
1.403111094598188e-007	3.138174e-004
1.745179948871537e-007	6.009866e-004
2.163648725309970e-007	1.008217e-003
3.162626600798853e-007	1.996425e-003
3.973128085399970e-007	2.762532e-003
7.770549157075825e-007	6.333557e-003
1.156797022875168e-006	9.901340e-003
1.536539130042753e-006	1.346588e-002
1.916281237210339e-006	1.702717e-002
2.296023344377924e-006	2.058523e-002
2.675765451545510e-006	2.414004e-002
3.055507558713095e-006	2.769160e-002
5.068171024783026e-006	4.642992e-002
8.544844900525201e-006	7.854902e-002
1.245109490052520e-005	1.142495e-001
1.635734490052520e-005	1.494695e-001
2.026359490052520e-005	1.841507e-001
2.416984490052520e-005	2.182479e-001
2.807609490052520e-005	2.517162e-001
3.198234490052520e-005	2.845118e-001
3.588859490052520e-005	3.165917e-001
3.979484490052520e-005	3.479140e-001
4.370109490052520e-005	3.784378e-001
4.760734490052521e-005	4.081230e-001
5.151359490052521e-005	4.369310e-001
5.541984490052521e-005	4.648243e-001
5.932609490052522e-005	4.917665e-001
6.323234490052522e-005	5.177225e-001
7.104484490052523e-005	5.665429e-001
7.885734490052523e-005	6.110324e-001
8.666984490052524e-005	6.509618e-001
9.838859490052525e-005	7.018646e-001
1.101073449005253e-004	7.414712e-001
1.218260949005253e-004	7.693378e-001
1.335448449005253e-004	7.851632e-001
1.452635949005253e-004	7.887928e-001
1.569823449005253e-004	7.802205e-001
1.687010949005253e-004	7.595885e-001
1.804198449005253e-004	7.271857e-001
1.921385949005253e-004	6.834440e-001
2.038573449005254e-004	6.289337e-001
2.155760949005254e-004	5.643556e-001
2.272948449005254e-004	4.905331e-001
2.390135949005254e-004	4.084018e-001
2.468260949005254e-004	3.495400e-001
2.546385949005254e-004	2.877740e-001
2.624510949005254e-004	2.234489e-001
2.702635949005254e-004	1.569240e-001
2.741698449005254e-004	1.229521e-001
2.780760949005254e-004	8.857006e-002
2.819823449005254e-004	5.382589e-002
2.858885949005254e-004	1.876792e-002
2.897948449005254e-004	-1.655505e-002
2.937010949005254e-004	-5.209386e-002
2.976073449005254e-004	-8.779907e-002
3.015135949005254e-004	-1.236210e-001
3.093260949005254e-004	-1.954157e-001
3.171385949005255e-004	-2.670787e-001
3.210448449005255e-004	-3.027363e-001
3.327635949005255e-004	-4.084189e-001
3.444823449005255e-004	-5.111420e-001
3.562010949005255e-004	-6.096203e-001
3.679198449005255e-004	-7.026206e-001
3.796385949005255e-004	-7.889764e-001
3.913573449005255e-004	-8.676029e-001
4.030760949005255e-004	-9.375097e-001
4.147948449005255e-004	-9.978124e-001
4.265135949005255e-004	-1.047745e+000
4.382323449005256e-004	-1.086666e+000
4.499510949005256e-004	-1.114071e+000
4.616698449005256e-004	-1.129595e+000
4.733885949005256e-004	-1.133018e+000
4.851073449005256e-004	-1.124268e+000
4.929198449005256e-004	-1.111702e+000
5.046385949005256e-004	-1.082906e+000
5.124510949005256e-004	-1.057214e+000
5.163573449005256e-004	-1.042466e+000
5.202635949005256e-004	-1.026475e+000
5.241698449005256e-004	-1.009261e+000
5.280760949005256e-004	-9.908473e-001
5.358885949005256e-004	-9.505147e-001
5.437010949005257e-004	-9.056874e-001
5.515135949005257e-004	-8.565997e-001
5.593260949005257e-004	-8.035091e-001
5.710448449005257e-004	-7.169843e-001
5.827635949005257e-004	-6.231123e-001
5.944823449005257e-004	-5.230091e-001
6.062010949005257e-004	-4.178667e-001
6.179198449005257e-004	-3.089390e-001
6.296385949005257e-004	-1.975262e-001
6.413573449005257e-004	-8.495910e-002
6.491698449005257e-004	-9.937181e-003
6.530760949005257e-004	2.741730e-002
6.569823449005258e-004	6.460122e-002
6.647948449005258e-004	1.382600e-001
6.726073449005258e-004	2.106476e-001
6.765135949005258e-004	2.462443e-001
6.843260949005258e-004	3.160068e-001
6.960448449005258e-004	4.163847e-001
7.077635949005258e-004	5.105833e-001
7.194823449005258e-004	5.974800e-001
7.312010949005258e-004	6.760408e-001
7.429198449005258e-004	7.453328e-001
7.546385949005258e-004	8.045362e-001
7.663573449005259e-004	8.529536e-001
7.780760949005259e-004	8.900188e-001
7.858885949005259e-004	9.082049e-001
7.937010949005259e-004	9.210608e-001
7.976073449005259e-004	9.254692e-001
8.015135949005259e-004	9.285237e-001
8.132323449005259e-004	9.295406e-001
8.249510949005259e-004	9.183649e-001
8.288573449005259e-004	9.119534e-001
8.366698449005259e-004	8.951554e-001
8.444823449005259e-004	8.731417e-001
8.522948449005259e-004	8.460382e-001
8.640135949005259e-004	7.961823e-001
8.757323449005259e-004	7.358550e-001
8.874510949005260e-004	6.658128e-001
8.991698449005260e-004	5.869308e-001
9.108885949005260e-004	5.001908e-001
9.226073449005260e-004	4.066709e-001
9.343260949005260e-004	3.075311e-001
9.421385949005260e-004	2.389201e-001
9.499510949005260e-004	1.687339e-001
9.538573449005260e-004	1.331706e-001
9.577635949005260e-004	9.735892e-002
9.655760949005260e-004	2.518772e-002
9.733885949005260e-004	-4.738279e-002
9.772948449005259e-004	-8.369311e-002
9.851073449005259e-004	-1.561143e-001
9.890135949005259e-004	-1.921256e-001
1.000732344900526e-003	-2.987694e-001
1.012451094900526e-003	-4.023059e-001
1.024169844900526e-003	-5.014548e-001
1.035888594900526e-003	-5.949894e-001
1.047607344900526e-003	-6.817516e-001
1.059326094900526e-003	-7.606663e-001
1.067138594900526e-003	-8.084284e-001
1.074951094900526e-003	-8.520012e-001
1.082763594900526e-003	-8.911434e-001
1.090576094900526e-003	-9.256378e-001
1.098388594900526e-003	-9.552923e-001
1.102294844900526e-003	-9.682518e-001
1.106201094900526e-003	-9.799414e-001
1.114013594900526e-003	-9.994464e-001
1.125732344900526e-003	-1.018825e+000
1.137451094900526e-003	-1.026134e+000
1.145263594900526e-003	-1.024244e+000
1.156982344900526e-003	-1.011277e+000
1.168701094900526e-003	-9.862918e-001
1.180419844900526e-003	-9.495754e-001
1.192138594900526e-003	-9.015603e-001
1.203857344900526e-003	-8.428165e-001
1.215576094900526e-003	-7.740449e-001
1.227294844900526e-003	-6.960689e-001
1.239013594900526e-003	-6.098241e-001
1.250732344900526e-003	-5.163473e-001
1.262451094900526e-003	-4.167634e-001
1.274169844900526e-003	-3.122722e-001
1.285888594900526e-003	-2.041332e-001
1.297607344900526e-003	-9.365087e-002
1.309326094900526e-003	1.784177e-002
1.313232344900526e-003	5.499796e-002
1.321044844900526e-003	1.289991e-001
1.328857344900526e-003	2.022545e-001
1.332763594900526e-003	2.384794e-001
1.336669844900526e-003	2.743708e-001
1.344482344900526e-003	3.449612e-001
1.352294844900526e-003	4.136465e-001
1.364013594900526e-003	5.123000e-001
1.375732344900526e-003	6.046507e-001
1.387451094900526e-003	6.895855e-001
1.399169844900526e-003	7.660809e-001
1.410888594900526e-003	8.332162e-001
1.422607344900526e-003	8.901846e-001
1.434326094900526e-003	9.363031e-001
1.446044844900526e-003	9.710206e-001
1.457763594900526e-003	9.939247e-001
1.469482344900526e-003	1.004747e+000
1.481201094900526e-003	1.003366e+000
1.492919844900526e-003	9.898080e-001
1.500732344900526e-003	9.740854e-001
1.508544844900526e-003	9.531139e-001
1.512451094900526e-003	9.406952e-001
1.516357344900526e-003	9.270102e-001
1.520263594900526e-003	9.120778e-001
1.528076094900526e-003	8.785548e-001
1.535888594900526e-003	8.403106e-001
1.543701094900526e-003	7.975552e-001
1.551513594900526e-003	7.505231e-001
1.559326094900526e-003	6.994718e-001
1.571044844900527e-003	6.159755e-001
1.582763594900527e-003	5.250955e-001
1.594482344900527e-003	4.279478e-001
1.606201094900527e-003	3.257250e-001
1.617919844900527e-003	2.196808e-001
1.629638594900527e-003	1.111157e-001
1.641357344900527e-003	1.360654e-003
1.649169844900527e-003	-7.180622e-002
1.656982344900527e-003	-1.445052e-001
1.668701094900527e-003	-2.518111e-001
1.680419844900527e-003	-3.558590e-001
1.692138594900527e-003	-4.553736e-001
1.703857344900527e-003	-5.491353e-001
1.715576094900527e-003	-6.359944e-001
1.727294844900527e-003	-7.148858e-001
1.735107344900527e-003	-7.625711e-001
1.742919844900527e-003	-8.060224e-001
1.750732344900527e-003	-8.450024e-001
1.758544844900527e-003	-8.792978e-001
1.762451094900527e-003	-8.946291e-001
1.766357344900527e-003	-9.087211e-001
1.770263594900527e-003	-9.215542e-001
1.774169844900527e-003	-9.331110e-001
1.781982344900527e-003	-9.523335e-001
1.789794844900527e-003	-9.662828e-001
1.797607344900527e-003	-9.748815e-001
1.805419844900527e-003	-9.780813e-001
1.817138594900527e-003	-9.727249e-001
1.828857344900527e-003	-9.552449e-001
1.840576094900527e-003	-9.258492e-001
1.852294844900527e-003	-8.848909e-001
1.864013594900527e-003	-8.328639e-001
1.875732344900527e-003	-7.703975e-001
1.887451094900527e-003	-6.982481e-001
1.899169844900527e-003	-6.172903e-001
1.910888594900527e-003	-5.285060e-001
1.922607344900527e-003	-4.329730e-001
1.934326094900527e-003	-3.318512e-001
1.946044844900527e-003	-2.263687e-001
1.957763594900527e-003	-1.178069e-001
1.965576094900527e-003	-4.437206e-002
1.973388594900527e-003	2.944865e-002
1.985107344900527e-003	1.400305e-001
1.996826094900527e-003	2.492389e-001
2.004638594900527e-003	3.206249e-001
2.016357344900527e-003	4.246101e-001
2.028076094900527e-003	5.237629e-001
2.039794844900527e-003	6.168780e-001
2.051513594900527e-003	7.028239e-001
2.063232344900527e-003	7.805558e-001
2.074951094900527e-003	8.491296e-001
2.086669844900527e-003	9.077120e-001
2.098388594900527e-003	9.555917e-001
2.110107344900527e-003	9.921877e-001
2.121826094900527e-003	1.017056e+000
2.133544844900527e-003	1.029896e+000
2.145263594900527e-003	1.030554e+000
2.156982344900527e-003	1.019023e+000
2.160888594900527e-003	1.012491e+000
2.164794844900527e-003	1.004628e+000
2.168701094900527e-003	9.954456e-001
2.176513594900527e-003	9.731717e-001
2.184326094900527e-003	9.457906e-001
2.196044844900527e-003	8.954759e-001
2.207763594900527e-003	8.346260e-001
2.219482344900527e-003	7.639836e-001
2.231201094900527e-003	6.844110e-001
2.242919844900527e-003	5.968791e-001
2.254638594900527e-003	5.024558e-001
2.266357344900527e-003	4.022927e-001
2.278076094900527e-003	2.976114e-001
2.289794844900527e-003	1.896883e-001
2.301513594900527e-003	7.983948e-002
2.309326094900527e-003	6.197956e-003
2.313232344900527e-003	-3.059583e-002
2.321044844900527e-003	-1.038801e-001
2.328857344900527e-003	-1.764292e-001
2.340576094900527e-003	-2.830155e-001
2.352294844900527e-003	-3.857649e-001
2.364013594900527e-003	-4.834248e-001
2.375732344900527e-003	-5.748051e-001
2.387451094900527e-003	-6.587920e-001
2.399169844900527e-003	-7.343618e-001
2.410888594900527e-003	-8.005939e-001
2.422607344900527e-003	-8.566810e-001
2.434326094900527e-003	-9.019400e-001
2.446044844900527e-003	-9.358196e-001
2.453857344900527e-003	-9.518744e-001
2.457763594900527e-003	-9.579071e-001
2.461669844900527e-003	-9.625986e-001
2.465576094900527e-003	-9.659424e-001
2.477294844900527e-003	-9.678519e-001
2.489013594900527e-003	-9.575804e-001
2.500732344900527e-003	-9.352537e-001
2.512451094900527e-003	-9.011443e-001
2.524169844900527e-003	-8.556687e-001
2.535888594900527e-003	-7.993819e-001
2.547607344900527e-003	-7.329707e-001
2.559326094900527e-003	-6.572452e-001
2.571044844900527e-003	-5.731292e-001
2.582763594900527e-003	-4.816490e-001
2.594482344900527e-003	-3.839202e-001
2.606201094900527e-003	-2.811351e-001
2.617919844900527e-003	-1.745473e-001
2.625732344900527e-003	-1.020169e-001
2.629638594900527e-003	-6.545717e-002
2.637451094900527e-003	8.003486e-003
2.641357344900527e-003	4.480473e-002
2.653076094900527e-003	1.548933e-001
2.660888594900527e-003	2.275256e-001
2.668701094900527e-003	2.990896e-001
2.680419844900527e-003	4.035851e-001
2.692138594900527e-003	5.035302e-001
2.703857344900528e-003	5.977052e-001
2.715576094900528e-003	6.849610e-001
2.727294844900528e-003	7.642323e-001
2.739013594900528e-003	8.345515e-001
2.750732344900528e-003	8.950598e-001
2.762451094900528e-003	9.450180e-001
2.774169844900528e-003	9.838153e-001
2.785888594900528e-003	1.010977e+000
2.797607344900528e-003	1.026170e+000
2.809326094900528e-003	1.029207e+000
2.821044844900528e-003	1.020050e+000
2.828857344900528e-003	1.007218e+000
2.832763594900528e-003	9.988067e-001
2.840576094900528e-003	9.780512e-001
2.848388594900528e-003	9.521473e-001
2.860107344900528e-003	9.039513e-001
2.871826094900528e-003	8.450772e-001
2.883544844900528e-003	7.762402e-001
2.895263594900528e-003	6.982766e-001
2.906982344900528e-003	6.121342e-001
2.918701094900528e-003	5.188604e-001
2.930419844900528e-003	4.195893e-001
2.942138594900528e-003	3.155282e-001
2.953857344900528e-003	2.079427e-001
2.965576094900528e-003	9.814125e-002
2.977294844900528e-003	-1.254059e-002
2.985107344900528e-003	-8.615275e-002
2.992919844900528e-003	-1.591597e-001
3.004638594900528e-003	-2.666728e-001
3.016357344900528e-003	-3.706295e-001
3.028076094900528e-003	-4.697655e-001
3.039794844900528e-003	-5.628756e-001
3.051513594900528e-003	-6.488277e-001
3.063232344900528e-003	-7.265772e-001
3.074951094900528e-003	-7.951795e-001
3.086669844900528e-003	-8.538013e-001
3.098388594900528e-003	-9.017312e-001
3.110107344900528e-003	-9.383878e-001
3.121826094900528e-003	-9.633275e-001
3.129638594900528e-003	-9.732897e-001
3.133544844900528e-003	-9.762490e-001
3.141357344900528e-003	-9.781044e-001
3.149169844900528e-003	-9.745374e-001
3.160888594900528e-003	-9.590724e-001
3.172607344900528e-003	-9.316509e-001
3.184326094900528e-003	-8.926103e-001
3.196044844900528e-003	-8.424290e-001
3.207763594900528e-003	-7.817219e-001
3.219482344900528e-003	-7.112315e-001
3.231201094900528e-003	-6.318200e-001
3.242919844900528e-003	-5.444580e-001
3.254638594900528e-003	-4.502133e-001
3.266357344900528e-003	-3.502373e-001
3.278076094900528e-003	-2.457515e-001
3.285888594900528e-003	-1.742174e-001
3.293701094900528e-003	-1.016338e-001
3.301513594900528e-003	-2.839520e-002
3.309326094900528e-003	4.510073e-002
3.321044844900528e-003	1.549540e-001
3.324951094900528e-003	1.912685e-001
3.328857344900528e-003	2.273489e-001
3.332763594900528e-003	2.598913e-001
3.334457307543328e-003	2.679965e-001
3.335275242778418e-003	2.686933e-001
3.388613714631954e-003	2.523378e-001
3.441952186485490e-003	2.364396e-001
3.495290658339026e-003	2.209987e-001
3.548629130192561e-003	2.060152e-001
3.601967602046097e-003	1.914889e-001
3.655306073899633e-003	1.774199e-001
3.708644545753168e-003	1.638083e-001
3.727059724324596e-003	1.592279e-001
3.745474902896025e-003	1.547053e-001
3.763890081467454e-003	1.502403e-001
3.782305260038883e-003	1.458331e-001
3.800720438610311e-003	1.414835e-001
3.819135617181740e-003	1.371916e-001
3.837550795753168e-003	1.329574e-001
3.841457045753168e-003	1.320667e-001
3.863220438610310e-003	1.271521e-001
3.884983831467451e-003	1.223180e-001
3.906747224324592e-003	1.175645e-001
3.928510617181734e-003	1.128914e-001
3.950274010038875e-003	1.082989e-001
3.972037402896017e-003	1.037869e-001
3.993800795753158e-003	9.935541e-002
3.997707045753158e-003	9.856817e-002
4.000000000000000e-003	9.810694e-002
