time	V(vout)
0.000000000000000e+000	-1.093862e-004
1.000000000000000e-012	2.093389e-003
9.553073565661277e-010	2.130430e-003
1.909614713132255e-009	2.217859e-003
2.863922069698383e-009	2.355676e-003
3.818229426264511e-009	2.543881e-003
4.772536782830638e-009	2.782475e-003
5.726844139396766e-009	3.071456e-003
6.681151495962892e-009	3.410826e-003
1.062030343040502e-008	5.278205e-003
1.533653592751331e-008	8.615547e-003
2.125991265907345e-008	1.467605e-002
2.772550620885817e-008	2.412628e-002
3.578425493238379e-008	4.085130e-002
4.552379454618527e-008	6.957482e-002
5.889459117884797e-008	1.243829e-001
7.461637901446991e-008	2.093399e-001
9.186854977347285e-008	3.233253e-001
1.079624196965768e-007	4.428927e-001
1.236123400666837e-007	5.637769e-001
1.404679553628486e-007	6.896034e-001
1.571392372150071e-007	8.008001e-001
1.764318360835445e-007	9.083860e-001
1.893928963943482e-007	9.648644e-001
2.021137998620345e-007	1.005019e+000
2.158436061013884e-007	1.034346e+000
2.296591016217708e-007	1.051302e+000
2.443468183293842e-007	1.058190e+000
2.594355220502895e-007	1.056692e+000
2.752876080668488e-007	1.049156e+000
2.914935546996897e-007	1.038319e+000
3.083756910545815e-007	1.026254e+000
3.240626340969237e-007	1.015986e+000
3.407275306067906e-007	1.007058e+000
3.568397999225194e-007	1.000646e+000
3.717136900357583e-007	9.967063e-001
3.866371157290843e-007	9.944327e-001
4.015002424795349e-007	9.934706e-001
4.172340969421808e-007	9.934532e-001
4.330762086780414e-007	9.940798e-001
4.495615683745685e-007	9.950776e-001
4.646097884932859e-007	9.960697e-001
4.801733314321311e-007	9.970220e-001
4.956613789152216e-007	9.978042e-001
5.118628202492019e-007	9.984066e-001
5.289452020217122e-007	9.988027e-001
5.497395769188576e-007	9.990115e-001
5.761968363422622e-007	9.990003e-001
6.101498540392012e-007	9.987781e-001
6.394982053860822e-007	9.985408e-001
6.728658482349335e-007	9.983159e-001
7.043543906173424e-007	9.981776e-001
7.488072479064499e-007	9.980637e-001
8.179390628346180e-007	9.979290e-001
8.974710418310251e-007	9.977597e-001
1.385653990125767e-006	9.965960e-001
1.873836938420508e-006	9.954338e-001
2.362019886715250e-006	9.942732e-001
2.850202835009991e-006	9.931141e-001
3.338385783304733e-006	9.919567e-001
3.826568731599474e-006	9.908008e-001
4.314751679894215e-006	9.896464e-001
1.255153049987151e-005	9.702513e-001
2.036403049987151e-005	9.520122e-001
3.598903049987151e-005	9.159991e-001
5.161403049987151e-005	8.806352e-001
7.505153049987151e-005	8.287947e-001
9.848903049987153e-005	7.783842e-001
1.219265304998716e-004	7.293850e-001
1.598729590713002e-004	6.532026e-001
1.978193876427288e-004	5.803848e-001
2.357658162141574e-004	5.109315e-001
2.737122447855860e-004	4.448428e-001
3.116586733570146e-004	3.821187e-001
3.496051019284432e-004	3.227592e-001
3.875515304998718e-004	2.667642e-001
4.031765304998718e-004	2.445208e-001
4.109890304998718e-004	2.335927e-001
4.188015304998718e-004	2.227927e-001
4.344265304998718e-004	2.015743e-001
4.578640304998718e-004	1.706894e-001
4.790693876427290e-004	1.437425e-001
5.002747447855862e-004	1.176567e-001
5.214801019284433e-004	9.243199e-002
5.426854590713005e-004	6.806845e-002
5.638908162141577e-004	4.456605e-002
5.850961733570148e-004	2.192478e-002
6.063015304998720e-004	1.446532e-004
6.141140304998720e-004	-7.687758e-003
6.219265304998720e-004	-1.541083e-002
6.375515304998720e-004	-3.053184e-002
6.588475010000000e-004	-5.045876e-002
6.666600010000000e-004	-5.758873e-002
6.666600020000000e-004	-5.979151e-002
6.666603764799986e-004	-5.979701e-002
6.666607509599970e-004	-5.981189e-002
6.666611254399956e-004	-5.983616e-002
6.666614999199940e-004	-5.986981e-002
6.666618743999926e-004	-5.991284e-002
6.666622488799910e-004	-5.996526e-002
6.666626233599895e-004	-6.002705e-002
6.666652447999791e-004	-6.064425e-002
6.666685924515177e-004	-6.192975e-002
6.666729941016719e-004	-6.453031e-002
6.666784134608315e-004	-6.937337e-002
6.666861615431618e-004	-7.979007e-002
6.666953966396127e-004	-9.806751e-002
6.667050753929687e-004	-1.253827e-001
6.667155751428062e-004	-1.664102e-001
6.667302197238194e-004	-2.417096e-001
6.667466290991713e-004	-3.457477e-001
6.667632539498513e-004	-4.667606e-001
6.667790803216989e-004	-5.890175e-001
6.667961695918987e-004	-7.191887e-001
6.668123375108500e-004	-8.316700e-001
6.668306527608470e-004	-9.401134e-001
6.668455773775771e-004	-1.010657e+000
6.668577643110731e-004	-1.053189e+000
6.668721560567230e-004	-1.087738e+000
6.668852801046447e-004	-1.106737e+000
6.669002621362586e-004	-1.116192e+000
6.669147329478348e-004	-1.116404e+000
6.669308124198713e-004	-1.109729e+000
6.669464865163623e-004	-1.099561e+000
6.669635492424732e-004	-1.087141e+000
6.669789328074423e-004	-1.076585e+000
6.669957584529947e-004	-1.066892e+000
6.670115927424904e-004	-1.059965e+000
6.670270382070389e-004	-1.055359e+000
6.670417980733556e-004	-1.052731e+000
6.670567785415801e-004	-1.051506e+000
6.670722877670309e-004	-1.051329e+000
6.670882417877249e-004	-1.051886e+000
6.671342251781848e-004	-1.054876e+000
6.671828585581898e-004	-1.056917e+000
6.672266576154326e-004	-1.057253e+000
6.673907472644965e-004	-1.056728e+000
6.675548369135605e-004	-1.056274e+000
6.677189265626244e-004	-1.055890e+000
6.678830162116882e-004	-1.055576e+000
6.680471058607521e-004	-1.055332e+000
6.682111955098161e-004	-1.055159e+000
6.683752851588799e-004	-1.055055e+000
7.059356007013214e-004	-1.000351e+000
7.434959162437628e-004	-9.470535e-001
7.810562317862042e-004	-8.951635e-001
8.186165473286456e-004	-8.446809e-001
8.561768628710870e-004	-7.956056e-001
8.937371784135284e-004	-7.479377e-001
9.312974939559698e-004	-7.016771e-001
9.469224939559698e-004	-6.828422e-001
9.547349939559698e-004	-6.735151e-001
9.625474939559698e-004	-6.642481e-001
9.703599939559698e-004	-6.550412e-001
9.781724939559697e-004	-6.458942e-001
9.859849939559697e-004	-6.368071e-001
1.001609993955970e-003	-6.188123e-001
1.017234993955970e-003	-6.010561e-001
1.040672493955970e-003	-5.748674e-001
1.064109993955970e-003	-5.492111e-001
1.102565709105117e-003	-5.083037e-001
1.141021424254264e-003	-4.687683e-001
1.179477139403411e-003	-4.306050e-001
1.217932854552558e-003	-3.938137e-001
1.256388569701706e-003	-3.583945e-001
1.294844284850853e-003	-3.243473e-001
1.333300000000000e-003	-2.916721e-001
1.333300001000000e-003	-2.894694e-001
1.333300749971426e-003	-2.894442e-001
1.333301498942851e-003	-2.893869e-001
1.333302247914277e-003	-2.892975e-001
1.333302996885702e-003	-2.891758e-001
1.333303745857128e-003	-2.890220e-001
1.333304494828553e-003	-2.888360e-001
1.333305243799979e-003	-2.886179e-001
1.333308586138989e-003	-2.873364e-001
1.333312987663174e-003	-2.847405e-001
1.333318403401670e-003	-2.799097e-001
1.333326153468379e-003	-2.689475e-001
1.333338761564909e-003	-2.415873e-001
1.333350150836852e-003	-2.055310e-001
1.333361380110354e-003	-1.566531e-001
1.333374476646839e-003	-8.347826e-002
1.333392244399319e-003	3.532360e-002
1.333409052027810e-003	1.605395e-001
1.333424701077761e-003	2.814552e-001
1.333441491549150e-003	4.063471e-001
1.333458067128855e-003	5.158601e-001
1.333477742312316e-003	6.240073e-001
1.333490244355453e-003	6.774597e-001
1.333502748066247e-003	7.159552e-001
1.333516528229498e-003	7.445592e-001
1.333530338903161e-003	7.608208e-001
1.333545130099384e-003	7.671489e-001
1.333560201346683e-003	7.651978e-001
1.333576117475029e-003	7.573233e-001
1.333592310359308e-003	7.463523e-001
1.333609118777310e-003	7.343267e-001
1.333624848924751e-003	7.241020e-001
1.333641476443491e-003	7.153188e-001
1.333657619190295e-003	7.090319e-001
1.333672465575905e-003	7.052234e-001
1.333687421608523e-003	7.030568e-001
1.333702341271310e-003	7.021837e-001
1.333718123661341e-003	7.022424e-001
1.333734015435192e-003	7.029252e-001
1.333750460738207e-003	7.039558e-001
1.333781190497973e-003	7.059317e-001
1.333813027443865e-003	7.073187e-001
1.333851407900339e-003	7.079208e-001
1.333911567267149e-003	7.077131e-001
1.333982407132717e-003	7.074319e-001
1.334053246998285e-003	7.071920e-001
1.334124086863853e-003	7.069936e-001
1.334194926729421e-003	7.068366e-001
1.334265766594989e-003	7.067211e-001
1.334336606460557e-003	7.066469e-001
1.334407446326125e-003	7.066141e-001
1.362846372671393e-003	6.634804e-001
1.391285299016660e-003	6.217319e-001
1.419724225361928e-003	5.813685e-001
1.448163151707195e-003	5.423902e-001
1.476602078052463e-003	5.047970e-001
1.505041004397730e-003	4.685890e-001
1.533479930742997e-003	4.337662e-001
1.556917430742997e-003	4.059989e-001
1.580354930742997e-003	3.791010e-001
1.603792430742997e-003	3.530585e-001
1.619417430742997e-003	3.361650e-001
1.635042430742997e-003	3.196412e-001
1.650667430742998e-003	3.034830e-001
1.658479930742998e-003	2.955396e-001
1.666292430742998e-003	2.876861e-001
1.674104930742998e-003	2.799219e-001
1.681917430742998e-003	2.722464e-001
1.689729930742998e-003	2.646592e-001
1.697542430742998e-003	2.571597e-001
1.705354930742998e-003	2.497474e-001
1.713167430742998e-003	2.424218e-001
1.720979930742998e-003	2.351824e-001
1.736604930742998e-003	2.209599e-001
1.752229930742998e-003	2.070760e-001
1.767854930742998e-003	1.935263e-001
1.791292430742998e-003	1.738195e-001
1.814729930742998e-003	1.548415e-001
1.838167430742998e-003	1.365786e-001
1.861604930742998e-003	1.190169e-001
1.881369940779712e-003	1.047649e-001
1.901134950816427e-003	9.097145e-002
1.920899960853141e-003	7.763649e-002
1.940664970889856e-003	6.476006e-002
1.960429980926571e-003	5.234214e-002
1.980194990963285e-003	4.038274e-002
1.999960001000000e-003	2.888186e-002
1.999960002000000e-003	2.667909e-002
1.999960376479999e-003	2.667371e-002
1.999960750959997e-003	2.665894e-002
1.999961125439995e-003	2.663480e-002
1.999961499919994e-003	2.660127e-002
1.999961874399992e-003	2.655835e-002
1.999962248879991e-003	2.650606e-002
1.999962623359989e-003	2.644438e-002
1.999965244799979e-003	2.582813e-002
1.999968587215658e-003	2.454610e-002
1.999972986869430e-003	2.194936e-002
1.999978400043687e-003	1.711652e-002
1.999986143502191e-003	6.963519e-003
1.999993838240518e-003	-7.438342e-003
2.000001939428136e-003	-2.842787e-002
2.000010860940994e-003	-5.991596e-002
2.000024415669086e-003	-1.233117e-001
2.000040279813089e-003	-2.173163e-001
2.000058918851556e-003	-3.481817e-001
2.000077091280987e-003	-4.869924e-001
2.000093612372943e-003	-6.136184e-001
2.000109714006138e-003	-7.280914e-001
2.000126886321499e-003	-8.329268e-001
2.000144263946236e-003	-9.183689e-001
2.000156305315223e-003	-9.628248e-001
2.000168969563417e-003	-9.952545e-001
2.000182815442233e-003	-1.017595e+000
2.000196861128395e-003	-1.028602e+000
2.000212001280251e-003	-1.030428e+000
2.000227295654601e-003	-1.025168e+000
2.000243446485194e-003	-1.015171e+000
2.000259860747690e-003	-1.003285e+000
2.000275941261433e-003	-9.919670e-001
2.000292173000073e-003	-9.821695e-001
2.000308434050115e-003	-9.745690e-001
2.000323812424713e-003	-9.695435e-001
2.000338771138431e-003	-9.665293e-001
2.000353487580879e-003	-9.650550e-001
2.000369031540917e-003	-9.646774e-001
2.000384758249783e-003	-9.651057e-001
2.000401712823924e-003	-9.660686e-001
2.000417019920661e-003	-9.671091e-001
2.000447989978915e-003	-9.690264e-001
2.000464140034877e-003	-9.697391e-001
2.000480232758704e-003	-9.702175e-001
2.000499490648351e-003	-9.705205e-001
2.000522548291149e-003	-9.706017e-001
2.000559307620310e-003	-9.704314e-001
2.000651391095227e-003	-9.698414e-001
2.016021402789677e-003	-9.422680e-001
2.031391414484127e-003	-9.150633e-001
2.046761426178578e-003	-8.882272e-001
2.062131437873028e-003	-8.617598e-001
2.077501449567478e-003	-8.356610e-001
2.092871461261928e-003	-8.099309e-001
2.108241472956379e-003	-7.845695e-001
2.131678972956379e-003	-7.466115e-001
2.169625401527807e-003	-6.870326e-001
2.207571830099236e-003	-6.295794e-001
2.245518258670665e-003	-5.742517e-001
2.283464687242093e-003	-5.210497e-001
2.321411115813522e-003	-4.699732e-001
2.359357544384951e-003	-4.210223e-001
2.397303972956379e-003	-3.741971e-001
2.420741472956379e-003	-3.462324e-001
2.436366472956379e-003	-3.280110e-001
2.444178972956379e-003	-3.190259e-001
2.451991472956379e-003	-3.101241e-001
2.459803972956379e-003	-3.013053e-001
2.467616472956379e-003	-2.925692e-001
2.483241472956379e-003	-2.753435e-001
2.498866472956379e-003	-2.584447e-001
2.522303972956379e-003	-2.337033e-001
2.542917691105468e-003	-2.125571e-001
2.563531409254556e-003	-1.919445e-001
2.584145127403645e-003	-1.718656e-001
2.604758845552734e-003	-1.523203e-001
2.625372563701823e-003	-1.333087e-001
2.645986281850911e-003	-1.148308e-001
2.666600000000000e-003	-9.688648e-002
2.666600001000000e-003	-9.468371e-002
2.666600749971426e-003	-9.465856e-002
2.666601498942851e-003	-9.460125e-002
2.666602247914277e-003	-9.451178e-002
2.666602996885702e-003	-9.439015e-002
2.666603745857128e-003	-9.423635e-002
2.666604494828553e-003	-9.405040e-002
2.666605243799979e-003	-9.383228e-002
2.666608588005088e-003	-9.255021e-002
2.666612990166924e-003	-8.995397e-002
2.666618408012372e-003	-8.512146e-002
2.666626159500119e-003	-7.443975e-002
2.666637101751821e-003	-5.142012e-002
2.666648933480781e-003	-1.528143e-002
2.666659760114733e-003	3.031225e-002
2.666673230088729e-003	1.038579e-001
2.666690437785492e-003	2.170438e-001
2.666706933971411e-003	3.389682e-001
2.666722592531521e-003	4.599207e-001
2.666739511731883e-003	5.868219e-001
2.666755982861867e-003	6.977613e-001
2.666775077290704e-003	8.057627e-001
2.666788448261479e-003	8.651700e-001
2.666801127536362e-003	9.061805e-001
2.666814942266991e-003	9.365516e-001
2.666828638612432e-003	9.540798e-001
2.666843344191937e-003	9.615665e-001
2.666858331269582e-003	9.605101e-001
2.666874199339396e-003	9.532289e-001
2.666890315319724e-003	9.425581e-001
2.666907329848794e-003	9.303766e-001
2.666922902705636e-003	9.200948e-001
2.666939641459929e-003	9.109945e-001
2.666955656392591e-003	9.044924e-001
2.666970683227628e-003	9.004098e-001
2.666985558264038e-003	8.980650e-001
2.667000476447006e-003	8.970484e-001
2.667016158070260e-003	8.970011e-001
2.667032057059986e-003	8.976218e-001
2.667063813328879e-003	8.996488e-001
2.667111222928481e-003	9.020580e-001
2.667148853082875e-003	9.027056e-001
2.667212836039744e-003	9.025050e-001
2.667283988687628e-003	9.022269e-001
2.667355141335512e-003	9.019899e-001
2.667426293983395e-003	9.017940e-001
2.667497446631278e-003	9.016393e-001
2.667568599279162e-003	9.015257e-001
2.667639751927046e-003	9.014533e-001
2.667710904574929e-003	9.014220e-001
2.685081183683416e-003	8.752543e-001
2.702451462791904e-003	8.495247e-001
2.719821741900391e-003	8.242334e-001
2.737192021008879e-003	7.993801e-001
2.754562300117366e-003	7.749650e-001
2.771932579225853e-003	7.509881e-001
2.789302858334341e-003	7.274494e-001
2.797115358334341e-003	7.169997e-001
2.812740358334341e-003	6.963584e-001
2.828365358334341e-003	6.760590e-001
2.851802858334341e-003	6.462449e-001
2.881936786905769e-003	6.090702e-001
2.912070715477198e-003	5.730693e-001
2.942204644048626e-003	5.382423e-001
2.972338572620055e-003	5.045891e-001
3.002472501191484e-003	4.721097e-001
3.032606429762913e-003	4.408042e-001
3.062740358334341e-003	4.106725e-001
3.078365358334341e-003	3.954561e-001
3.093990358334341e-003	3.805327e-001
3.101802858334341e-003	3.731799e-001
3.109615358334341e-003	3.658992e-001
3.117427858334341e-003	3.586903e-001
3.125240358334341e-003	3.515527e-001
3.133052858334341e-003	3.444861e-001
3.140865358334341e-003	3.374901e-001
3.148677858334341e-003	3.305644e-001
3.164302858334341e-003	3.169224e-001
3.179927858334341e-003	3.035568e-001
3.203365358334341e-003	2.840205e-001
3.226802858334341e-003	2.650899e-001
3.250240358334341e-003	2.467546e-001
3.262100307286578e-003	2.377058e-001
3.273960256238815e-003	2.288008e-001
3.285820205191052e-003	2.200398e-001
3.297680154143289e-003	2.114226e-001
3.309540103095526e-003	2.029493e-001
3.321400052047763e-003	1.946199e-001
3.333260001000000e-003	1.864343e-001
3.333260002000000e-003	1.842316e-001
3.333260376479998e-003	1.842261e-001
3.333260750959997e-003	1.842113e-001
3.333261125439995e-003	1.841872e-001
3.333261499919994e-003	1.841536e-001
3.333261874399992e-003	1.841107e-001
3.333262248879990e-003	1.840583e-001
3.333262623359989e-003	1.839966e-001
3.333265244799979e-003	1.833803e-001
3.333268587577020e-003	1.820981e-001
3.333272987448307e-003	1.795015e-001
3.333278401120671e-003	1.746691e-001
3.333286144963583e-003	1.641522e-001
3.333296092416918e-003	1.442726e-001
3.333305317498923e-003	1.175947e-001
3.333317489813299e-003	6.845142e-002
3.333332758190197e-003	-1.257229e-002
3.333349678947582e-003	-1.227695e-001
3.333365862048365e-003	-2.423159e-001
3.333381510624864e-003	-3.635626e-001
3.333398432904864e-003	-4.913879e-001
3.333414862294267e-003	-6.033892e-001
3.333433632980561e-003	-7.112677e-001
3.333447377558721e-003	-7.735890e-001
3.333459935895633e-003	-8.151991e-001
3.333473905330679e-003	-8.467243e-001
3.333487441865934e-003	-8.646290e-001
3.333502211625491e-003	-8.725347e-001
3.333517041040404e-003	-8.716929e-001
3.333532939916034e-003	-8.644252e-001
3.333548903337284e-003	-8.537616e-001
3.333565885899080e-003	-8.414128e-001
3.333581415241135e-003	-8.309572e-001
3.333598138068670e-003	-8.216536e-001
3.333614088597747e-003	-8.150125e-001
3.333629277635781e-003	-8.107732e-001
3.333644116757338e-003	-8.083676e-001
3.333659100355739e-003	-8.073176e-001
3.333674724164021e-003	-8.072665e-001
3.333690669345534e-003	-8.078980e-001
3.333705758474934e-003	-8.088346e-001
3.333752824850798e-003	-8.117610e-001
3.333768425613186e-003	-8.123880e-001
3.333785534249949e-003	-8.128290e-001
3.333805199650969e-003	-8.130695e-001
3.333831020955434e-003	-8.130950e-001
3.333867782931265e-003	-8.128846e-001
3.333961780574636e-003	-8.123349e-001
3.354513176925811e-003	-7.778942e-001
3.375064573276985e-003	-7.441483e-001
3.395615969628160e-003	-7.110969e-001
3.416167365979334e-003	-6.787402e-001
3.436718762330509e-003	-6.470782e-001
3.457270158681683e-003	-6.161108e-001
3.477821555032858e-003	-5.858380e-001
3.501259055032858e-003	-5.521395e-001
3.520232269318573e-003	-5.255144e-001
3.539205483604287e-003	-4.994449e-001
3.558178697890001e-003	-4.739309e-001
3.577151912175715e-003	-4.489725e-001
3.596125126461430e-003	-4.245696e-001
3.615098340747144e-003	-4.007223e-001
3.634071555032858e-003	-3.774305e-001
3.641884055032858e-003	-3.679907e-001
3.649696555032858e-003	-3.586415e-001
3.665321555032858e-003	-3.402136e-001
3.688759055032858e-003	-3.132419e-001
3.712196555032858e-003	-2.870652e-001
3.752180975742450e-003	-2.443489e-001
3.792165396452042e-003	-2.037267e-001
3.832149817161634e-003	-1.651986e-001
3.872134237871225e-003	-1.287646e-001
3.912118658580817e-003	-9.442465e-002
3.952103079290408e-003	-6.217884e-002
3.992087500000000e-003	-3.202713e-002
3.999900000000000e-003	-2.631805e-002
3.999900001000000e-003	-2.411527e-002
3.999900375480162e-003	-2.410983e-002
3.999900749960322e-003	-2.409503e-002
3.999901124440483e-003	-2.407086e-002
3.999901498920644e-003	-2.403732e-002
3.999901873400805e-003	-2.399441e-002
3.999902247880965e-003	-2.394214e-002
3.999902622361127e-003	-2.388049e-002
3.999905243802253e-003	-2.326479e-002
3.999908587170472e-003	-2.198386e-002
3.999912989165932e-003	-1.938915e-002
3.999918406182000e-003	-1.455983e-002
3.999926157177193e-003	-4.360961e-003
3.999934185270276e-003	1.062014e-002
3.999941581747952e-003	2.967366e-002
3.999950558795128e-003	6.065253e-002
3.999962035253010e-003	1.126813e-001
3.999977868486898e-003	2.036420e-001
3.999995469873635e-003	3.238432e-001
4.000011617606794e-003	4.456680e-001
4.000027312028001e-003	5.668052e-001
4.000043975559397e-003	6.890904e-001
4.000060974879256e-003	7.982008e-001
4.000081558802464e-003	9.064283e-001
4.000093285650560e-003	9.535829e-001
4.000105355929864e-003	9.878142e-001
4.000119322774438e-003	1.014059e+000
4.000133107597873e-003	1.028080e+000
4.000148231602033e-003	1.032648e+000
4.000163275352004e-003	1.029397e+000
4.000179427606931e-003	1.020591e+000
4.000195628319422e-003	1.009331e+000
4.000212215120959e-003	9.975652e-001
4.000228102797753e-003	9.875611e-001
4.000244646816483e-003	9.792082e-001
4.000259293472725e-003	9.738317e-001
4.000274774426245e-003	9.701287e-001
4.000289097926758e-003	9.682275e-001
4.000304756535257e-003	9.674610e-001
4.000320067632515e-003	9.676097e-001
4.000336602868212e-003	9.683800e-001
4.000367897333916e-003	9.704187e-001
4.000415229068189e-003	9.726750e-001
4.000454588157770e-003	9.732229e-001
4.000660604958614e-003	9.726128e-001
4.000866621759459e-003	9.720705e-001
4.001072638560302e-003	9.715961e-001
4.001278655361146e-003	9.711894e-001
4.001484672161990e-003	9.708506e-001
4.001690688962834e-003	9.705797e-001
4.001896705763678e-003	9.703765e-001
4.030380467450340e-003	9.239428e-001
4.058864229137002e-003	8.786988e-001
4.087347990823663e-003	8.346443e-001
4.115831752510326e-003	7.917794e-001
4.144315514196988e-003	7.501041e-001
4.172799275883650e-003	7.096184e-001
4.201283037570312e-003	6.703222e-001
4.209095537570312e-003	6.597359e-001
4.216908037570312e-003	6.492352e-001
4.224720537570312e-003	6.388199e-001
4.232533037570312e-003	6.284896e-001
4.240345537570312e-003	6.182439e-001
4.248158037570312e-003	6.080827e-001
4.255970537570312e-003	5.980054e-001
4.271595537570312e-003	5.781021e-001
4.287220537570312e-003	5.585312e-001
4.310658037570312e-003	5.297925e-001
4.334095537570312e-003	5.017877e-001
4.372041966141741e-003	4.580768e-001
4.409988394713169e-003	4.161306e-001
4.447934823284597e-003	3.759488e-001
4.485881251856026e-003	3.375316e-001
4.523827680427455e-003	3.008789e-001
4.561774108998883e-003	2.659908e-001
4.599720537570312e-003	2.328672e-001
4.609269032345982e-003	2.247688e-001
4.618817527121651e-003	2.167695e-001
4.628366021897321e-003	2.088695e-001
4.637914516672991e-003	2.010686e-001
4.647463011448661e-003	1.933669e-001
4.657011506224330e-003	1.857644e-001
4.666560001000000e-003	1.782611e-001
4.666560002000000e-003	1.760583e-001
4.666560750971750e-003	1.760332e-001
4.666561499943501e-003	1.759759e-001
4.666562248915251e-003	1.758865e-001
4.666562997887002e-003	1.757648e-001
4.666563746858752e-003	1.756109e-001
4.666564495830503e-003	1.754248e-001
4.666565244802253e-003	1.752065e-001
4.666568589002960e-003	1.739234e-001
4.666572989437106e-003	1.713259e-001
4.666578404810984e-003	1.664908e-001
4.666586149940390e-003	1.560881e-001
4.666595381534291e-003	1.378949e-001
4.666604788451659e-003	1.114944e-001
4.666615297388510e-003	7.066996e-002
4.666629952050987e-003	-4.268374e-003
4.666646332716763e-003	-1.077521e-001
4.666663019862239e-003	-2.289747e-001
4.666678868600317e-003	-3.513106e-001
4.666695970703068e-003	-4.816304e-001
4.666712114097651e-003	-5.941180e-001
4.666730394645405e-003	-7.026365e-001
4.666745422919488e-003	-7.739425e-001
4.666757580754575e-003	-8.165848e-001
4.666772012682536e-003	-8.514454e-001
4.666785105151486e-003	-8.705726e-001
4.666800108625783e-003	-8.801990e-001
4.666814552499719e-003	-8.805293e-001
4.666830651978043e-003	-8.739304e-001
4.666846306984484e-003	-8.638199e-001
4.666863385025398e-003	-8.514023e-001
4.666878773176304e-003	-8.408341e-001
4.666895602494734e-003	-8.311145e-001
4.666911436558151e-003	-8.241597e-001
4.666926861830091e-003	-8.195289e-001
4.666941612266093e-003	-8.168761e-001
4.666956559990798e-003	-8.156285e-001
4.666972055634475e-003	-8.154317e-001
4.666987977959241e-003	-8.159723e-001
4.667019225219578e-003	-8.179799e-001
4.667065701336265e-003	-8.205166e-001
4.667101518773702e-003	-8.212677e-001
4.667162910934319e-003	-8.211516e-001
4.667223326353500e-003	-8.208635e-001
4.667283741772681e-003	-8.206213e-001
4.667344157191861e-003	-8.204250e-001
4.667404572611042e-003	-8.202744e-001
4.667464988030222e-003	-8.201697e-001
4.667525403449404e-003	-8.201108e-001
4.667585818868584e-003	-8.200977e-001
4.697452958873284e-003	-7.731263e-001
4.727320098877983e-003	-7.275411e-001
4.757187238882683e-003	-6.833419e-001
4.787054378887383e-003	-6.405289e-001
4.816921518892083e-003	-5.991019e-001
4.846788658896782e-003	-5.590611e-001
4.876655798901482e-003	-5.204064e-001
4.892280798901482e-003	-5.006876e-001
4.900093298901482e-003	-4.909627e-001
4.907905798901482e-003	-4.813270e-001
4.915718298901482e-003	-4.717801e-001
4.923530798901482e-003	-4.623215e-001
4.931343298901482e-003	-4.529510e-001
4.939155798901482e-003	-4.436682e-001
4.946968298901482e-003	-4.344727e-001
4.962593298901482e-003	-4.163419e-001
4.978218298901482e-003	-3.985558e-001
5.001655798901482e-003	-3.725159e-001
5.025093298901482e-003	-3.472340e-001
5.048530798901482e-003	-3.226997e-001
5.082012941758625e-003	-2.890049e-001
5.115495084615768e-003	-2.567049e-001
5.148977227472911e-003	-2.257996e-001
5.182459370330054e-003	-1.962891e-001
5.215941513187197e-003	-1.681733e-001
5.249423656044340e-003	-1.414522e-001
5.282905798901482e-003	-1.161259e-001
5.290090684772699e-003	-1.108440e-001
5.297275570643916e-003	-1.056192e-001
5.304460456515133e-003	-1.004515e-001
5.311645342386350e-003	-9.534078e-002
5.318830228257567e-003	-9.028714e-002
5.326015114128783e-003	-8.529056e-002
5.333200000000000e-003	-8.035103e-002
5.333200001000000e-003	-7.814825e-002
5.333200375480162e-003	-7.814284e-002
5.333200749960322e-003	-7.812805e-002
5.333201124440483e-003	-7.810390e-002
5.333201498920644e-003	-7.807037e-002
5.333201873400805e-003	-7.802748e-002
5.333202247880965e-003	-7.797522e-002
5.333202622361127e-003	-7.791358e-002
5.333205243802253e-003	-7.729801e-002
5.333208586428950e-003	-7.601756e-002
5.333212988244085e-003	-7.342330e-002
5.333218404499728e-003	-6.859527e-002
5.333226155050047e-003	-5.820248e-002
5.333235393702239e-003	-3.985728e-002
5.333245578883513e-003	-1.094745e-002
5.333256069202009e-003	3.022893e-002
5.333270417686375e-003	1.042788e-001
5.333287014739391e-003	2.095895e-001
5.333303723290040e-003	3.309976e-001
5.333319561650063e-003	4.529515e-001
5.333336661561989e-003	5.825684e-001
5.333352883115518e-003	6.946787e-001
5.333371337762173e-003	8.031126e-001
5.333386124250567e-003	8.724182e-001
5.333398334884898e-003	9.146939e-001
5.333412645260906e-003	9.488502e-001
5.333425826855980e-003	9.678886e-001
5.333440778798625e-003	9.774038e-001
5.333455322263405e-003	9.777620e-001
5.333471403551039e-003	9.712921e-001
5.333487162331673e-003	9.612716e-001
5.333504266296830e-003	9.490228e-001
5.333519680149917e-003	9.385909e-001
5.333536534021608e-003	9.289933e-001
5.333552419013513e-003	9.221013e-001
5.333567703812611e-003	9.175543e-001
5.333582481581217e-003	9.149027e-001
5.333597337313331e-003	9.136431e-001
5.333612874949448e-003	9.134121e-001
5.333628734859687e-003	9.139103e-001
5.333643770810824e-003	9.147705e-001
5.333706338103442e-003	9.183398e-001
5.333723148942328e-003	9.188152e-001
5.333742259020968e-003	9.190975e-001
5.333766629893891e-003	9.191695e-001
5.333834728007076e-003	9.187701e-001
5.333936725552427e-003	9.183500e-001
5.353725660428730e-003	8.851353e-001
5.373514595305032e-003	8.525262e-001
5.393303530181335e-003	8.205228e-001
5.413092465057637e-003	7.891251e-001
5.432881399933940e-003	7.583330e-001
5.452670334810242e-003	7.281465e-001
5.472459269686545e-003	6.985657e-001
5.480271769686545e-003	6.870522e-001
5.495896769686545e-003	6.643028e-001
5.511521769686545e-003	6.419215e-001
5.534959269686545e-003	6.090343e-001
5.550584269686545e-003	5.875622e-001
5.566209269686545e-003	5.664493e-001
5.574021769686545e-003	5.560267e-001
5.581834269686545e-003	5.456929e-001
5.589646769686545e-003	5.354477e-001
5.605271769686545e-003	5.152212e-001
5.620896769686545e-003	4.953446e-001
5.644334269686545e-003	4.661800e-001
5.684512841115116e-003	4.180965e-001
5.724691412543688e-003	3.721128e-001
5.764869983972259e-003	3.282290e-001
5.805048555400831e-003	2.864449e-001
5.845227126829403e-003	2.467607e-001
5.885405698257974e-003	2.091763e-001
5.925584269686545e-003	1.736918e-001
5.936195088445610e-003	1.646161e-001
5.946805907204675e-003	1.556698e-001
5.957416725963740e-003	1.468530e-001
5.968027544722805e-003	1.381656e-001
5.978638363481870e-003	1.296077e-001
5.989249182240935e-003	1.211793e-001
5.999860001000000e-003	1.128803e-001
5.999860002000000e-003	1.106775e-001
5.999860750971750e-003	1.106524e-001
5.999861499943501e-003	1.105951e-001
5.999862248915251e-003	1.105056e-001
5.999862997887002e-003	1.103839e-001
5.999863746858752e-003	1.102300e-001
5.999864495830503e-003	1.100439e-001
5.999865244802253e-003	1.098256e-001
5.999868589604203e-003	1.085422e-001
5.999872990279430e-003	1.059442e-001
5.999878406381038e-003	1.011078e-001
5.999886152087173e-003	9.070204e-002
5.999895387228914e-003	7.237092e-002
5.999905367113100e-003	4.407942e-002
5.999915853377629e-003	2.905963e-003
5.999930471624270e-003	-7.260531e-002
5.999946914268647e-003	-1.771393e-001
5.999963481381466e-003	-2.978784e-001
5.999979285061598e-003	-4.199751e-001
5.999996360952210e-003	-5.499352e-001
6.000012552335940e-003	-6.623815e-001
6.000030902969501e-003	-7.707726e-001
6.000045720292190e-003	-8.405858e-001
6.000057938906120e-003	-8.830689e-001
6.000072293321138e-003	-9.173855e-001
6.000085453525526e-003	-9.363269e-001
6.000100417563044e-003	-9.456786e-001
6.000114920934502e-003	-9.458277e-001
6.000130986422240e-003	-9.391211e-001
6.000146688517730e-003	-9.289216e-001
6.000163748065469e-003	-9.165125e-001
6.000179141503453e-003	-9.059686e-001
6.000195962827285e-003	-8.963043e-001
6.000211807694722e-003	-8.893973e-001
6.000227203157463e-003	-8.848234e-001
6.000241962959558e-003	-8.822080e-001
6.000256919133881e-003	-8.809901e-001
6.000272430036853e-003	-8.808157e-001
6.000288357829028e-003	-8.813708e-001
6.000319591499511e-003	-8.833851e-001
6.000366094326668e-003	-8.859106e-001
6.000402027772296e-003	-8.866512e-001
6.000493289210760e-003	-8.863024e-001
6.000648172754123e-003	-8.859399e-001
6.000803056297486e-003	-8.856060e-001
6.000957939840849e-003	-8.853007e-001
6.001112823384213e-003	-8.850239e-001
6.001267706927576e-003	-8.847757e-001
6.001422590470939e-003	-8.845560e-001
6.001577474014302e-003	-8.843649e-001
6.032440393184265e-003	-8.357203e-001
6.063303312354228e-003	-7.885056e-001
6.094166231524190e-003	-7.427208e-001
6.125029150694154e-003	-6.983658e-001
6.155892069864117e-003	-6.554408e-001
6.186754989034080e-003	-6.139457e-001
6.217617908204042e-003	-5.738804e-001
6.225430408204042e-003	-5.639434e-001
6.233242908204042e-003	-5.540931e-001
6.241055408204042e-003	-5.443294e-001
6.248867908204042e-003	-5.346518e-001
6.256680408204042e-003	-5.250600e-001
6.272305408204042e-003	-5.061324e-001
6.287930408204042e-003	-4.875436e-001
6.295742908204042e-003	-4.783754e-001
6.303555408204042e-003	-4.692908e-001
6.311367908204042e-003	-4.602896e-001
6.319180408204042e-003	-4.513713e-001
6.326992908204042e-003	-4.425355e-001
6.334805408204042e-003	-4.337820e-001
6.350430408204042e-003	-4.165201e-001
6.366055408204042e-003	-3.995828e-001
6.389492908204042e-003	-3.747787e-001
6.412930408204043e-003	-3.506880e-001
6.446412551061186e-003	-3.175651e-001
6.479894693918328e-003	-2.857742e-001
6.513376836775471e-003	-2.553154e-001
6.546858979632614e-003	-2.261885e-001
6.580341122489757e-003	-1.983937e-001
6.613823265346900e-003	-1.719310e-001
6.647305408204043e-003	-1.468002e-001
6.678367124713995e-003	-1.245571e-001
6.709428841223947e-003	-1.032927e-001
6.740490557733900e-003	-8.300702e-002
6.771552274243852e-003	-6.370009e-002
6.802613990753804e-003	-4.537188e-002
6.833675707263757e-003	-2.802241e-002
6.864737423773709e-003	-1.165167e-002
6.880362423773709e-003	-3.716047e-003
6.888174923773709e-003	1.682199e-004
6.895987423773709e-003	3.997286e-003
6.911612423773709e-003	1.149130e-002
6.927237423773709e-003	1.876894e-002
6.950674923773709e-003	2.928615e-002
6.966299923773709e-003	3.603574e-002
6.974112423773709e-003	3.933306e-002
6.981924923773709e-003	4.257921e-002
6.989737423773709e-003	4.577457e-002
7.005362423773709e-003	5.201433e-002
7.028799923773709e-003	6.100201e-002
7.052237423773709e-003	6.955193e-002
7.086835638059424e-003	8.131911e-002
7.121433852345138e-003	9.225887e-002
7.156032066630852e-003	1.023712e-001
7.190630280916566e-003	1.116561e-001
7.225228495202280e-003	1.201135e-001
7.259826709487995e-003	1.277436e-001
7.294424923773709e-003	1.345462e-001
7.310049923773709e-003	1.374120e-001
7.325674923773709e-003	1.401323e-001
7.333487423773709e-003	1.414387e-001
7.349112423773709e-003	1.439458e-001
7.364737423773709e-003	1.463137e-001
7.380362423773709e-003	1.485452e-001
7.403799923773709e-003	1.516419e-001
7.443978495202281e-003	1.561748e-001
7.484157066630853e-003	1.599866e-001
7.524335638059424e-003	1.630774e-001
7.564514209487995e-003	1.654471e-001
7.604692780916567e-003	1.670958e-001
7.644871352345138e-003	1.680234e-001
7.685049923773710e-003	1.682300e-001
7.705139209487995e-003	1.681473e-001
7.725228495202281e-003	1.679325e-001
7.745317780916567e-003	1.675856e-001
7.765407066630851e-003	1.671065e-001
7.785496352345137e-003	1.664952e-001
7.805585638059422e-003	1.657517e-001
7.825674923773708e-003	1.648761e-001
7.849112423773706e-003	1.637034e-001
7.872549923773703e-003	1.623924e-001
7.895987423773700e-003	1.609431e-001
7.919424923773698e-003	1.593556e-001
7.942862423773695e-003	1.576299e-001
7.966299923773693e-003	1.557659e-001
7.989737423773690e-003	1.537637e-001
7.997549923773689e-003	1.530771e-001
8.000000000000000e-003	1.528594e-001
