time	V(vout)
0.000000000000000e+000	-1.093862e-004
1.428571445265854e-008	-1.096338e-004
2.857142890531708e-008	-1.087775e-004
4.285714335797562e-008	-1.068172e-004
5.714285781063416e-008	-1.037530e-004
7.142857226329269e-008	-9.958475e-005
8.571428671595124e-008	-9.431256e-005
1.000000011686097e-007	-8.793639e-005
1.689162781132780e-007	-4.089284e-005
2.491328430802538e-007	3.388194e-005
4.376484413206625e-007	2.162187e-004
5.229620174654012e-006	4.694187e-003
1.002159190798736e-005	9.110105e-003
1.481356364132071e-005	1.346398e-002
1.960553537465406e-005	1.775580e-002
2.439750710798741e-005	2.198557e-002
2.918947884132076e-005	2.615329e-002
3.398145057465410e-005	3.025896e-002
6.582336118056154e-005	5.641046e-002
1.048858611805616e-004	8.588345e-002
1.439483611805616e-004	1.123653e-001
1.830108611805616e-004	1.358099e-001
2.220733611805616e-004	1.563243e-001
2.611358611805616e-004	1.740164e-001
3.001983611805615e-004	1.889946e-001
3.392608611805615e-004	2.013676e-001
3.783233611805615e-004	2.112444e-001
4.173858611805615e-004	2.187339e-001
4.564483611805615e-004	2.239451e-001
4.955108611805614e-004	2.269866e-001
5.345733611805615e-004	2.279666e-001
5.736358611805615e-004	2.269928e-001
6.126983611805615e-004	2.241722e-001
6.517608611805616e-004	2.196110e-001
6.908233611805616e-004	2.134146e-001
7.298858611805616e-004	2.056870e-001
7.689483611805617e-004	1.965316e-001
8.080108611805617e-004	1.860499e-001
8.470733611805618e-004	1.743425e-001
8.861358611805618e-004	1.615084e-001
9.251983611805618e-004	1.476448e-001
9.642608611805619e-004	1.328475e-001
1.003323361180562e-003	1.172105e-001
1.042385861180562e-003	1.008259e-001
1.081448361180562e-003	8.378378e-002
1.120510861180562e-003	6.617241e-002
1.159573361180562e-003	4.807792e-002
1.198635861180562e-003	2.958429e-002
1.237698361180562e-003	1.077332e-002
1.276760861180562e-003	-8.275421e-003
1.315823361180562e-003	-2.748471e-002
1.354885861180562e-003	-4.677965e-002
1.393948361180562e-003	-6.608776e-002
1.433010861180562e-003	-8.533900e-002
1.472073361180562e-003	-1.044658e-001
1.511135861180562e-003	-1.234032e-001
1.550198361180562e-003	-1.420885e-001
1.589260861180562e-003	-1.604621e-001
1.628323361180562e-003	-1.784663e-001
1.667385861180562e-003	-1.960467e-001
1.706448361180562e-003	-2.131511e-001
1.745510861180562e-003	-2.297300e-001
1.784573361180563e-003	-2.457366e-001
1.823635861180563e-003	-2.611269e-001
1.862698361180563e-003	-2.758594e-001
1.901760861180563e-003	-2.898951e-001
1.940823361180563e-003	-3.031980e-001
1.979885861180562e-003	-3.157344e-001
2.018948361180563e-003	-3.274736e-001
2.058010861180563e-003	-3.383872e-001
2.097073361180563e-003	-3.484494e-001
2.136135861180563e-003	-3.576372e-001
2.175198361180563e-003	-3.659299e-001
2.214260861180563e-003	-3.733096e-001
2.253323361180563e-003	-3.797606e-001
2.292385861180563e-003	-3.852699e-001
2.331448361180563e-003	-3.898268e-001
2.370510861180563e-003	-3.934231e-001
2.448635861180563e-003	-3.977123e-001
2.487698361180563e-003	-3.984002e-001
2.526760861180563e-003	-3.981175e-001
2.643948361180563e-003	-3.914867e-001
2.722073361180563e-003	-3.823245e-001
2.800198361180563e-003	-3.694780e-001
2.878323361180563e-003	-3.530740e-001
2.956448361180563e-003	-3.332669e-001
3.034573361180563e-003	-3.102365e-001
3.073635861180563e-003	-2.975753e-001
3.112698361180563e-003	-2.841861e-001
3.151760861180564e-003	-2.700978e-001
3.190823361180564e-003	-2.553402e-001
3.268948361180564e-003	-2.239423e-001
3.347073361180564e-003	-1.902526e-001
3.425198361180564e-003	-1.545458e-001
3.503323361180564e-003	-1.171087e-001
3.581448361180564e-003	-7.823798e-002
3.659573361180564e-003	-3.823787e-002
3.698635861180564e-003	-1.791087e-002
3.737698361180564e-003	2.582127e-003
3.776760861180564e-003	2.320198e-002
3.815823361180564e-003	4.390950e-002
3.854885861180564e-003	6.466550e-002
3.893948361180564e-003	8.543089e-002
3.972073361180564e-003	1.268343e-001
4.011135861180564e-003	1.473952e-001
4.050198361180564e-003	1.678112e-001
4.167385861180564e-003	2.278159e-001
4.284573361180565e-003	2.851911e-001
4.362698361180565e-003	3.215146e-001
4.440823361180565e-003	3.559886e-001
4.518948361180565e-003	3.883649e-001
4.597073361180565e-003	4.184109e-001
4.636135861180565e-003	4.324920e-001
4.675198361180565e-003	4.459111e-001
4.714260861180565e-003	4.586442e-001
4.792385861180565e-003	4.819621e-001
4.870510861180565e-003	5.022781e-001
4.948635861180565e-003	5.194448e-001
5.026760861180565e-003	5.333370e-001
5.065823361180565e-003	5.390217e-001
5.104885861180565e-003	5.438508e-001
5.143948361180565e-003	5.478147e-001
5.261135861180565e-003	5.544429e-001
5.378323361180565e-003	5.530833e-001
5.495510861180566e-003	5.437149e-001
5.612698361180566e-003	5.264319e-001
5.690823361180566e-003	5.106111e-001
5.808010861180566e-003	4.806530e-001
5.886135861180566e-003	4.566971e-001
6.003323361180566e-003	4.151361e-001
6.120510861180566e-003	3.673173e-001
6.237698361180566e-003	3.138763e-001
6.354885861180566e-003	2.555260e-001
6.472073361180566e-003	1.930467e-001
6.589260861180567e-003	1.272748e-001
6.667385861180567e-003	8.203137e-002
6.745510861180567e-003	3.598518e-002
6.784573361180567e-003	1.274670e-002
6.862698361180567e-003	-3.398781e-002
6.979885861180567e-003	-1.042103e-001
7.097073361180567e-003	-1.737403e-001
7.175198361180567e-003	-2.192476e-001
7.253323361180567e-003	-2.637603e-001
7.292385861180567e-003	-2.855603e-001
7.409573361180567e-003	-3.487456e-001
7.526760861180567e-003	-4.079531e-001
7.643948361180568e-003	-4.623844e-001
7.761135861180568e-003	-5.113032e-001
7.878323361180566e-003	-5.540446e-001
7.956448361180564e-003	-5.788148e-001
8.073635861180562e-003	-6.100044e-001
8.190823361180559e-003	-6.336549e-001
8.308010861180557e-003	-6.494285e-001
8.386135861180555e-003	-6.554471e-001
8.503323361180553e-003	-6.576184e-001
8.620510861180550e-003	-6.515149e-001
8.737698361180548e-003	-6.371812e-001
8.854885861180545e-003	-6.147679e-001
8.972073361180543e-003	-5.845288e-001
9.089260861180540e-003	-5.468181e-001
9.206448361180538e-003	-5.020860e-001
9.284573361180536e-003	-4.686269e-001
9.401760861180534e-003	-4.134336e-001
9.518948361180531e-003	-3.528393e-001
9.636135861180529e-003	-2.875875e-001
9.753323361180526e-003	-2.184819e-001
9.870510861180524e-003	-1.463754e-001
9.987698361180521e-003	-7.216060e-002
1.006582336118052e-002	-2.196635e-002
1.018301086118052e-002	5.370900e-002
1.030019836118051e-002	1.290084e-001
1.041738586118051e-002	2.029943e-001
1.049551086118051e-002	2.511319e-001
1.061269836118051e-002	3.208911e-001
1.072988586118051e-002	3.869413e-001
1.084707336118050e-002	4.484553e-001
1.096426086118050e-002	5.046614e-001
1.108144836118050e-002	5.548527e-001
1.119863586118050e-002	5.983963e-001
1.127676086118049e-002	6.234562e-001
1.139394836118049e-002	6.547381e-001
1.151113586118049e-002	6.781011e-001
1.162832336118049e-002	6.932423e-001
1.174551086118048e-002	6.999596e-001
1.186269836118048e-002	6.981552e-001
1.197988586118048e-002	6.878362e-001
1.209707336118048e-002	6.691146e-001
1.221426086118047e-002	6.422065e-001
1.233144836118047e-002	6.074290e-001
1.244863586118047e-002	5.651960e-001
1.256582336118047e-002	5.160143e-001
1.268301086118046e-002	4.604762e-001
1.280019836118046e-002	3.992527e-001
1.291738586118046e-002	3.330857e-001
1.303457336118046e-002	2.627780e-001
1.315176086118045e-002	1.891845e-001
1.326894836118045e-002	1.132005e-001
1.338613586118045e-002	3.575205e-002
1.350332336118045e-002	-4.221654e-002
1.362051086118044e-002	-1.197537e-001
1.373769836118044e-002	-1.959122e-001
1.385488586118044e-002	-2.697614e-001
1.397207336118044e-002	-3.403980e-001
1.408926086118043e-002	-4.069572e-001
1.420644836118043e-002	-4.686239e-001
1.432363586118043e-002	-5.246421e-001
1.444082336118043e-002	-5.743243e-001
1.455801086118042e-002	-6.170602e-001
1.467519836118042e-002	-6.523240e-001
1.479238586118042e-002	-6.796809e-001
1.490957336118042e-002	-6.987926e-001
1.502676086118041e-002	-7.094210e-001
1.510488586118041e-002	-7.117230e-001
1.522207336118041e-002	-7.079660e-001
1.533926086118041e-002	-6.956012e-001
1.545644836118040e-002	-6.747750e-001
1.557363586118040e-002	-6.457369e-001
1.569082336118040e-002	-6.088369e-001
1.580801086118040e-002	-5.645211e-001
1.592519836118040e-002	-5.133260e-001
1.604238586118039e-002	-4.558725e-001
1.615957336118039e-002	-3.928579e-001
1.627676086118039e-002	-3.250477e-001
1.639394836118039e-002	-2.532661e-001
1.651113586118038e-002	-1.783860e-001
1.662832336118038e-002	-1.013183e-001
1.670644836118038e-002	-4.918690e-002
1.682363586118038e-002	2.943444e-002
1.694082336118037e-002	1.077136e-001
1.705801086118037e-002	1.846972e-001
1.717519836118037e-002	2.594475e-001
1.729238586118037e-002	3.310537e-001
1.740957336118036e-002	3.986430e-001
1.752676086118036e-002	4.613916e-001
1.764394836118036e-002	5.185343e-001
1.776113586118036e-002	5.693741e-001
1.787832336118036e-002	6.132910e-001
1.799551086118035e-002	6.497487e-001
1.811269836118035e-002	6.783022e-001
1.822988586118035e-002	6.986023e-001
1.834707336118035e-002	7.104009e-001
1.846426086118034e-002	7.135529e-001
1.858144836118034e-002	7.080188e-001
1.869863586118034e-002	6.938649e-001
1.881582336118034e-002	6.712626e-001
1.893301086118033e-002	6.404861e-001
1.905019836118033e-002	6.019094e-001
1.916738586118033e-002	5.560015e-001
1.928457336118033e-002	5.033208e-001
1.940176086118032e-002	4.445083e-001
1.951894836118032e-002	3.802798e-001
1.963613586118032e-002	3.114170e-001
1.975332336118032e-002	2.387583e-001
1.987051086118031e-002	1.631883e-001
1.998769836118031e-002	8.562740e-002
2.010488586118031e-002	7.019991e-003
2.022207336118031e-002	-7.167652e-002
2.033926086118030e-002	-1.495036e-001
2.045644836118030e-002	-2.255132e-001
2.057363586118030e-002	-2.987795e-001
2.069082336118030e-002	-3.684100e-001
2.080801086118029e-002	-4.335562e-001
2.092519836118029e-002	-4.934245e-001
2.104238586118029e-002	-5.472854e-001
2.115957336118029e-002	-5.944827e-001
2.127676086118028e-002	-6.344410e-001
2.139394836118028e-002	-6.666737e-001
2.151113586118028e-002	-6.907876e-001
2.162832336118028e-002	-7.064889e-001
2.174551086118027e-002	-7.135860e-001
2.182363586118027e-002	-7.134903e-001
2.194082336118027e-002	-7.061070e-001
2.205801086118027e-002	-6.901236e-001
2.217519836118026e-002	-6.657348e-001
2.229238586118026e-002	-6.332376e-001
2.240957336118026e-002	-5.930276e-001
2.252676086118026e-002	-5.455946e-001
2.264394836118025e-002	-4.915165e-001
2.276113586118025e-002	-4.314518e-001
2.287832336118025e-002	-3.661324e-001
2.299551086118025e-002	-2.963540e-001
2.311269836118024e-002	-2.229667e-001
2.322988586118024e-002	-1.468644e-001
2.334707336118024e-002	-6.897445e-002
2.346426086118024e-002	9.754249e-003
2.358144836118023e-002	8.836251e-002
2.369863586118023e-002	1.658926e-001
2.381582336118023e-002	2.413998e-001
2.389394836118023e-002	2.901586e-001
2.401113586118022e-002	3.602673e-001
2.412832336118022e-002	4.259850e-001
2.424551086118022e-002	4.865108e-001
2.436269836118022e-002	5.411074e-001
2.447988586118021e-002	5.891094e-001
2.459707336118021e-002	6.299319e-001
2.471426086118021e-002	6.630777e-001
2.483144836118021e-002	6.881427e-001
2.494863586118020e-002	7.048215e-001
2.506582336118020e-002	7.129110e-001
2.518301086118020e-002	7.123126e-001
2.530019836118020e-002	7.030334e-001
2.541738586118019e-002	6.851867e-001
2.553457336118019e-002	6.589899e-001
2.565176086118019e-002	6.247621e-001
2.576894836118019e-002	5.829204e-001
2.588613586118018e-002	5.339746e-001
2.600332336118018e-002	4.785213e-001
2.612051086118018e-002	4.172360e-001
2.623769836118018e-002	3.508655e-001
2.635488586118017e-002	2.802187e-001
2.647207336118017e-002	2.061563e-001
2.658926086118017e-002	1.295807e-001
2.666738586118017e-002	7.759407e-002
2.678457336118017e-002	-1.086429e-003
2.690176086118016e-002	-7.975470e-002
2.701894836118016e-002	-1.574522e-001
2.713613586118016e-002	-2.332320e-001
2.725332336118016e-002	-3.061709e-001
2.737051086118015e-002	-3.753799e-001
2.748769836118015e-002	-4.400159e-001
2.760488586118015e-002	-4.992911e-001
2.772207336118015e-002	-5.524833e-001
2.783926086118014e-002	-5.989442e-001
2.795644836118014e-002	-6.381078e-001
2.803457336118014e-002	-6.599232e-001
2.815176086118014e-002	-6.859106e-001
2.826894836118013e-002	-7.035410e-001
2.838613586118013e-002	-7.125995e-001
2.850332336118013e-002	-7.129756e-001
2.862051086118013e-002	-7.046650e-001
2.873769836118012e-002	-6.877688e-001
2.885488586118012e-002	-6.624930e-001
2.897207336118012e-002	-6.291455e-001
2.908926086118012e-002	-5.881327e-001
2.920644836118011e-002	-5.399545e-001
2.928457336118011e-002	-5.041414e-001
2.940176086118011e-002	-4.453654e-001
2.951894836118011e-002	-3.811636e-001
2.963613586118010e-002	-3.123184e-001
2.975332336118010e-002	-2.396688e-001
2.987051086118010e-002	-1.641002e-001
2.998769836118010e-002	-8.653324e-002
3.010488586118009e-002	-7.913315e-003
3.022207336118009e-002	7.080157e-002
3.033926086118009e-002	1.486522e-001
3.045644836118009e-002	2.246899e-001
3.057363586118008e-002	2.979881e-001
3.069082336118008e-002	3.676535e-001
3.080801086118008e-002	4.328373e-001
3.092519836118008e-002	4.927452e-001
3.104238586118007e-002	5.466470e-001
3.115957336118007e-002	5.938860e-001
3.127676086118007e-002	6.338865e-001
3.139394836118007e-002	6.661610e-001
3.151113586118007e-002	6.903163e-001
3.162832336118007e-002	7.060581e-001
3.174551086118006e-002	7.131945e-001
3.182363586118006e-002	7.131240e-001
3.194082336118006e-002	7.057772e-001
3.205801086118006e-002	6.898283e-001
3.217519836118005e-002	6.654720e-001
3.229238586118005e-002	6.330048e-001
3.240957336118005e-002	5.928225e-001
3.252676086118005e-002	5.454147e-001
3.264394836118004e-002	4.913592e-001
3.276113586118004e-002	4.313147e-001
3.287832336118004e-002	3.660129e-001
3.299551086118004e-002	2.962495e-001
3.311269836118003e-002	2.228748e-001
3.322988586118003e-002	1.467828e-001
3.330801086118003e-002	9.481599e-002
3.333405131933965e-002	7.310916e-002
3.334714248119131e-002	5.623988e-002
3.336419843233036e-002	2.954418e-002
3.337610104510062e-002	1.129023e-002
3.338448187760220e-002	-1.377106e-003
3.339342654922058e-002	-1.472911e-002
3.341747338389697e-002	-4.970757e-002
3.344152021857337e-002	-8.350327e-002
3.346556705324977e-002	-1.161162e-001
3.348961388792616e-002	-1.475464e-001
3.351366072260256e-002	-1.777939e-001
3.353770755727895e-002	-2.068586e-001
3.356175439195535e-002	-2.347406e-001
3.360081689195535e-002	-2.780586e-001
3.363987939195535e-002	-3.185432e-001
3.367894189195535e-002	-3.562680e-001
3.371800439195535e-002	-3.913070e-001
3.375706689195535e-002	-4.237346e-001
3.379612939195534e-002	-4.536254e-001
3.383519189195534e-002	-4.810539e-001
3.387425439195534e-002	-5.060948e-001
3.391331689195534e-002	-5.288227e-001
3.395237939195534e-002	-5.493118e-001
3.399144189195534e-002	-5.676363e-001
3.403050439195534e-002	-5.838699e-001
3.406956689195534e-002	-5.980861e-001
3.410862939195534e-002	-6.103574e-001
3.414769189195534e-002	-6.207563e-001
3.418675439195534e-002	-6.293542e-001
3.422581689195534e-002	-6.362223e-001
3.426487939195533e-002	-6.414306e-001
3.430394189195533e-002	-6.450484e-001
3.434300439195533e-002	-6.471444e-001
3.438206689195533e-002	-6.477860e-001
3.442112939195533e-002	-6.470401e-001
3.446019189195533e-002	-6.449720e-001
3.449925439195533e-002	-6.416466e-001
3.453831689195533e-002	-6.371273e-001
3.457737939195533e-002	-6.314765e-001
3.461644189195533e-002	-6.247556e-001
3.465550439195533e-002	-6.170246e-001
3.469456689195533e-002	-6.083425e-001
3.473362939195532e-002	-5.987669e-001
3.477269189195532e-002	-5.883543e-001
3.481175439195532e-002	-5.771599e-001
3.485081689195532e-002	-5.652378e-001
3.488987939195532e-002	-5.526403e-001
3.492894189195532e-002	-5.394188e-001
3.496800439195532e-002	-5.256234e-001
3.500706689195532e-002	-5.113028e-001
3.504612939195532e-002	-4.965042e-001
3.508519189195532e-002	-4.812737e-001
3.516331689195532e-002	-4.496942e-001
3.524144189195531e-002	-4.169053e-001
3.531956689195531e-002	-3.832266e-001
3.539769189195531e-002	-3.489564e-001
3.547581689195531e-002	-3.143719e-001
3.555394189195531e-002	-2.797292e-001
3.563206689195531e-002	-2.452639e-001
3.571019189195530e-002	-2.111918e-001
3.578831689195530e-002	-1.777086e-001
3.582737939195530e-002	-1.612439e-001
3.586644189195530e-002	-1.449912e-001
3.590550439195530e-002	-1.289699e-001
3.594456689195530e-002	-1.131981e-001
3.598362939195530e-002	-9.769264e-002
3.602269189195530e-002	-8.246957e-002
3.606175439195530e-002	-6.754373e-002
3.610081689195530e-002	-5.292897e-002
3.613987939195529e-002	-3.863810e-002
3.617894189195529e-002	-2.468298e-002
3.621800439195529e-002	-1.107448e-002
3.625706689195529e-002	2.177466e-003
3.629612939195529e-002	1.506385e-002
3.633519189195529e-002	2.757654e-002
3.637425439195529e-002	3.970829e-002
3.641331689195529e-002	5.145271e-002
3.645237939195529e-002	6.280421e-002
3.649144189195529e-002	7.375801e-002
3.656956689195529e-002	9.445721e-002
3.660862939195528e-002	1.041968e-001
3.664769189195528e-002	1.135271e-001
3.668675439195528e-002	1.224470e-001
3.672581689195528e-002	1.309558e-001
3.676487939195528e-002	1.390538e-001
3.680394189195528e-002	1.467417e-001
3.684300439195528e-002	1.540207e-001
3.688206689195528e-002	1.608928e-001
3.692112939195528e-002	1.673605e-001
3.696019189195528e-002	1.734264e-001
3.699925439195528e-002	1.790942e-001
3.703831689195528e-002	1.843677e-001
3.707737939195527e-002	1.892511e-001
3.711644189195527e-002	1.937493e-001
3.715550439195527e-002	1.978673e-001
3.719456689195527e-002	2.016106e-001
3.723362939195527e-002	2.049851e-001
3.727269189195527e-002	2.079971e-001
3.731175439195527e-002	2.106529e-001
3.735081689195527e-002	2.129595e-001
3.738987939195527e-002	2.149239e-001
3.742894189195527e-002	2.165534e-001
3.746800439195527e-002	2.178556e-001
3.750706689195527e-002	2.188384e-001
3.754612939195526e-002	2.195096e-001
3.758519189195526e-002	2.198774e-001
3.766331689195526e-002	2.197363e-001
3.774144189195526e-002	2.184835e-001
3.781956689195526e-002	2.161889e-001
3.785862939195526e-002	2.146732e-001
3.789769189195526e-002	2.129240e-001
3.793675439195526e-002	2.109501e-001
3.797581689195526e-002	2.087608e-001
3.801487939195525e-002	2.063650e-001
3.805394189195525e-002	2.037720e-001
3.809300439195525e-002	2.009907e-001
3.813206689195525e-002	1.980301e-001
3.817112939195525e-002	1.948994e-001
3.821019189195525e-002	1.916074e-001
3.824925439195525e-002	1.881631e-001
3.828831689195525e-002	1.845752e-001
3.836644189195525e-002	1.770037e-001
3.840550439195525e-002	1.730374e-001
3.844456689195525e-002	1.689620e-001
3.848362939195524e-002	1.647859e-001
3.852269189195524e-002	1.605173e-001
3.856175439195524e-002	1.561643e-001
3.860081689195524e-002	1.517349e-001
3.863987939195524e-002	1.472370e-001
3.867894189195524e-002	1.426781e-001
3.875706689195524e-002	1.334078e-001
3.883519189195524e-002	1.239823e-001
3.891331689195524e-002	1.144574e-001
3.895237939195523e-002	1.096744e-001
3.899144189195523e-002	1.048862e-001
3.903050439195523e-002	1.000990e-001
3.906956689195523e-002	9.531877e-002
3.910862939195523e-002	9.055132e-002
3.914769189195523e-002	8.580228e-002
3.918675439195523e-002	8.107707e-002
3.922581689195523e-002	7.638092e-002
3.930394189195523e-002	6.709585e-002
3.938206689195523e-002	5.798512e-002
3.946019189195522e-002	4.908371e-002
3.953831689195522e-002	4.042356e-002
3.965550439195522e-002	2.794803e-002
3.973362939195522e-002	2.001078e-002
3.981175439195522e-002	1.240281e-002
3.985081689195522e-002	8.728232e-003
3.988987939195521e-002	5.142729e-003
3.992894189195521e-002	1.648195e-003
3.996800439195521e-002	-1.757932e-003
4.000000000000000e-002	-4.489273e-003
